Year DOY Hour f10_7
2023  59  0 157.9
2023  59  1 157.9
2023  59  2 157.9
2023  59  3 157.9
2023  59  4 157.9
2023  59  5 157.9
2023  59  6 157.9
2023  59  7 157.9
2023  59  8 157.9
2023  59  9 157.9
2023  59 10 157.9
2023  59 11 157.9
2023  59 12 157.9
2023  59 13 157.9
2023  59 14 157.9
2023  59 15 157.9
2023  59 16 157.9
2023  59 17 157.9
2023  59 18 157.9
2023  59 19 157.9
2023  59 20 157.9
2023  59 21 157.9
2023  59 22 157.9
2023  59 23 157.9
2023  60  0 159.0
2023  60  1 159.0
2023  60  2 159.0
2023  60  3 159.0
2023  60  4 159.0
2023  60  5 159.0
2023  60  6 159.0
2023  60  7 159.0
2023  60  8 159.0
2023  60  9 159.0
2023  60 10 159.0
2023  60 11 159.0
2023  60 12 159.0
2023  60 13 159.0
2023  60 14 159.0
2023  60 15 159.0
2023  60 16 159.0
2023  60 17 159.0
2023  60 18 159.0
2023  60 19 159.0
2023  60 20 159.0
2023  60 21 159.0
2023  60 22 159.0
2023  60 23 159.0
2023  61  0 165.8
2023  61  1 165.8
2023  61  2 165.8
2023  61  3 165.8
2023  61  4 165.8
2023  61  5 165.8
2023  61  6 165.8
2023  61  7 165.8
2023  61  8 165.8
2023  61  9 165.8
2023  61 10 165.8
2023  61 11 165.8
2023  61 12 165.8
2023  61 13 165.8
2023  61 14 165.8
2023  61 15 165.8
2023  61 16 165.8
2023  61 17 165.8
2023  61 18 165.8
2023  61 19 165.8
2023  61 20 165.8
2023  61 21 165.8
2023  61 22 165.8
2023  61 23 165.8
2023  62  0 187.5
2023  62  1 187.5
2023  62  2 187.5
2023  62  3 187.5
2023  62  4 187.5
2023  62  5 187.5
2023  62  6 187.5
2023  62  7 187.5
2023  62  8 187.5
2023  62  9 187.5
2023  62 10 187.5
2023  62 11 187.5
2023  62 12 187.5
2023  62 13 187.5
2023  62 14 187.5
2023  62 15 187.5
2023  62 16 187.5
2023  62 17 187.5
2023  62 18 187.5
2023  62 19 187.5
2023  62 20 187.5
2023  62 21 187.5
2023  62 22 187.5
2023  62 23 187.5
2023  63  0 178.6
2023  63  1 178.6
2023  63  2 178.6
2023  63  3 178.6
2023  63  4 178.6
2023  63  5 178.6
2023  63  6 178.6
2023  63  7 178.6
2023  63  8 178.6
2023  63  9 178.6
2023  63 10 178.6
2023  63 11 178.6
2023  63 12 178.6
2023  63 13 178.6
2023  63 14 178.6
2023  63 15 178.6
2023  63 16 178.6
2023  63 17 178.6
2023  63 18 178.6
2023  63 19 178.6
2023  63 20 178.6
2023  63 21 178.6
2023  63 22 178.6
2023  63 23 178.6
2023  64  0 176.8
2023  64  1 176.8
2023  64  2 176.8
2023  64  3 176.8
2023  64  4 176.8
2023  64  5 176.8
2023  64  6 176.8
2023  64  7 176.8
2023  64  8 176.8
2023  64  9 176.8
2023  64 10 176.8
2023  64 11 176.8
2023  64 12 176.8
2023  64 13 176.8
2023  64 14 176.8
2023  64 15 176.8
2023  64 16 176.8
2023  64 17 176.8
2023  64 18 176.8
2023  64 19 176.8
2023  64 20 176.8
2023  64 21 176.8
2023  64 22 176.8
2023  64 23 176.8
2023  65  0 185.0
2023  65  1 185.0
2023  65  2 185.0
2023  65  3 185.0
2023  65  4 185.0
2023  65  5 185.0
2023  65  6 185.0
2023  65  7 185.0
2023  65  8 185.0
2023  65  9 185.0
2023  65 10 185.0
2023  65 11 185.0
2023  65 12 185.0
2023  65 13 185.0
2023  65 14 185.0
2023  65 15 185.0
2023  65 16 185.0
2023  65 17 185.0
2023  65 18 185.0
2023  65 19 185.0
2023  65 20 185.0
2023  65 21 185.0
2023  65 22 185.0
2023  65 23 185.0
2023  66  0 177.5
2023  66  1 177.5
2023  66  2 177.5
2023  66  3 177.5
2023  66  4 177.5
2023  66  5 177.5
2023  66  6 177.5
2023  66  7 177.5
2023  66  8 177.5
2023  66  9 177.5
2023  66 10 177.5
2023  66 11 177.5
2023  66 12 177.5
2023  66 13 177.5
2023  66 14 177.5
2023  66 15 177.5
2023  66 16 177.5
2023  66 17 177.5
2023  66 18 177.5
2023  66 19 177.5
2023  66 20 177.5
2023  66 21 177.5
2023  66 22 177.5
2023  66 23 177.5
2023  67  0 179.2
2023  67  1 179.2
2023  67  2 179.2
2023  67  3 179.2
2023  67  4 179.2
2023  67  5 179.2
2023  67  6 179.2
2023  67  7 179.2
2023  67  8 179.2
2023  67  9 179.2
2023  67 10 179.2
2023  67 11 179.2
2023  67 12 179.2
2023  67 13 179.2
2023  67 14 179.2
2023  67 15 179.2
2023  67 16 179.2
2023  67 17 179.2
2023  67 18 179.2
2023  67 19 179.2
2023  67 20 179.2
2023  67 21 179.2
2023  67 22 179.2
2023  67 23 179.2
2023  68  0 176.2
2023  68  1 176.2
2023  68  2 176.2
2023  68  3 176.2
2023  68  4 176.2
2023  68  5 176.2
2023  68  6 176.2
2023  68  7 176.2
2023  68  8 176.2
2023  68  9 176.2
2023  68 10 176.2
2023  68 11 176.2
2023  68 12 176.2
2023  68 13 176.2
2023  68 14 176.2
2023  68 15 176.2
2023  68 16 176.2
2023  68 17 176.2
2023  68 18 176.2
2023  68 19 176.2
2023  68 20 176.2
2023  68 21 176.2
2023  68 22 176.2
2023  68 23 176.2
2023  69  0 168.8
2023  69  1 168.8
2023  69  2 168.8
2023  69  3 168.8
2023  69  4 168.8
2023  69  5 168.8
2023  69  6 168.8
2023  69  7 168.8
2023  69  8 168.8
2023  69  9 168.8
2023  69 10 168.8
2023  69 11 168.8
2023  69 12 168.8
2023  69 13 168.8
2023  69 14 168.8
2023  69 15 168.8
2023  69 16 168.8
2023  69 17 168.8
2023  69 18 168.8
2023  69 19 168.8
2023  69 20 168.8
2023  69 21 168.8
2023  69 22 168.8
2023  69 23 168.8
2023  70  0 155.3
2023  70  1 155.3
2023  70  2 155.3
2023  70  3 155.3
2023  70  4 155.3
2023  70  5 155.3
2023  70  6 155.3
2023  70  7 155.3
2023  70  8 155.3
2023  70  9 155.3
2023  70 10 155.3
2023  70 11 155.3
2023  70 12 155.3
2023  70 13 155.3
2023  70 14 155.3
2023  70 15 155.3
2023  70 16 155.3
2023  70 17 155.3
2023  70 18 155.3
2023  70 19 155.3
2023  70 20 155.3
2023  70 21 155.3
2023  70 22 155.3
2023  70 23 155.3
2023  71  0 148.1
2023  71  1 148.1
2023  71  2 148.1
2023  71  3 148.1
2023  71  4 148.1
2023  71  5 148.1
2023  71  6 148.1
2023  71  7 148.1
2023  71  8 148.1
2023  71  9 148.1
2023  71 10 148.1
2023  71 11 148.1
2023  71 12 148.1
2023  71 13 148.1
2023  71 14 148.1
2023  71 15 148.1
2023  71 16 148.1
2023  71 17 148.1
2023  71 18 148.1
2023  71 19 148.1
2023  71 20 148.1
2023  71 21 148.1
2023  71 22 148.1
2023  71 23 148.1
2023  72  0 141.5
2023  72  1 141.5
2023  72  2 141.5
2023  72  3 141.5
2023  72  4 141.5
2023  72  5 141.5
2023  72  6 141.5
2023  72  7 141.5
2023  72  8 141.5
2023  72  9 141.5
2023  72 10 141.5
2023  72 11 141.5
2023  72 12 141.5
2023  72 13 141.5
2023  72 14 141.5
2023  72 15 141.5
2023  72 16 141.5
2023  72 17 141.5
2023  72 18 141.5
2023  72 19 141.5
2023  72 20 141.5
2023  72 21 141.5
2023  72 22 141.5
2023  72 23 141.5
2023  73  0 136.9
2023  73  1 136.9
2023  73  2 136.9
2023  73  3 136.9
2023  73  4 136.9
2023  73  5 136.9
2023  73  6 136.9
2023  73  7 136.9
2023  73  8 136.9
2023  73  9 136.9
2023  73 10 136.9
2023  73 11 136.9
2023  73 12 136.9
2023  73 13 136.9
2023  73 14 136.9
2023  73 15 136.9
2023  73 16 136.9
2023  73 17 136.9
2023  73 18 136.9
2023  73 19 136.9
2023  73 20 136.9
2023  73 21 136.9
2023  73 22 136.9
2023  73 23 136.9
2023  74  0 134.2
2023  74  1 134.2
2023  74  2 134.2
2023  74  3 134.2
2023  74  4 134.2
2023  74  5 134.2
2023  74  6 134.2
2023  74  7 134.2
2023  74  8 134.2
2023  74  9 134.2
2023  74 10 134.2
2023  74 11 134.2
2023  74 12 134.2
2023  74 13 134.2
2023  74 14 134.2
2023  74 15 134.2
2023  74 16 134.2
2023  74 17 134.2
2023  74 18 134.2
2023  74 19 134.2
2023  74 20 134.2
2023  74 21 134.2
2023  74 22 134.2
2023  74 23 134.2
2023  75  0 133.9
2023  75  1 133.9
2023  75  2 133.9
2023  75  3 133.9
2023  75  4 133.9
2023  75  5 133.9
2023  75  6 133.9
2023  75  7 133.9
2023  75  8 133.9
2023  75  9 133.9
2023  75 10 133.9
2023  75 11 133.9
2023  75 12 133.9
2023  75 13 133.9
2023  75 14 133.9
2023  75 15 133.9
2023  75 16 133.9
2023  75 17 133.9
2023  75 18 133.9
2023  75 19 133.9
2023  75 20 133.9
2023  75 21 133.9
2023  75 22 133.9
2023  75 23 133.9
2023  76  0 132.9
2023  76  1 132.9
2023  76  2 132.9
2023  76  3 132.9
2023  76  4 132.9
2023  76  5 132.9
2023  76  6 132.9
2023  76  7 132.9
2023  76  8 132.9
2023  76  9 132.9
2023  76 10 132.9
2023  76 11 132.9
2023  76 12 132.9
2023  76 13 132.9
2023  76 14 132.9
2023  76 15 132.9
2023  76 16 132.9
2023  76 17 132.9
2023  76 18 132.9
2023  76 19 132.9
2023  76 20 132.9
2023  76 21 132.9
2023  76 22 132.9
2023  76 23 132.9
2023  77  0 139.0
2023  77  1 139.0
2023  77  2 139.0
2023  77  3 139.0
2023  77  4 139.0
2023  77  5 139.0
2023  77  6 139.0
2023  77  7 139.0
2023  77  8 139.0
2023  77  9 139.0
2023  77 10 139.0
2023  77 11 139.0
2023  77 12 139.0
2023  77 13 139.0
2023  77 14 139.0
2023  77 15 139.0
2023  77 16 139.0
2023  77 17 139.0
2023  77 18 139.0
2023  77 19 139.0
2023  77 20 139.0
2023  77 21 139.0
2023  77 22 139.0
2023  77 23 139.0
2023  78  0 141.4
2023  78  1 141.4
2023  78  2 141.4
2023  78  3 141.4
2023  78  4 141.4
2023  78  5 141.4
2023  78  6 141.4
2023  78  7 141.4
2023  78  8 141.4
2023  78  9 141.4
2023  78 10 141.4
2023  78 11 141.4
2023  78 12 141.4
2023  78 13 141.4
2023  78 14 141.4
2023  78 15 141.4
2023  78 16 141.4
2023  78 17 141.4
2023  78 18 141.4
2023  78 19 141.4
2023  78 20 141.4
2023  78 21 141.4
2023  78 22 141.4
2023  78 23 141.4
2023  79  0 154.8
2023  79  1 154.8
2023  79  2 154.8
2023  79  3 154.8
2023  79  4 154.8
2023  79  5 154.8
2023  79  6 154.8
2023  79  7 154.8
2023  79  8 154.8
2023  79  9 154.8
2023  79 10 154.8
2023  79 11 154.8
2023  79 12 154.8
2023  79 13 154.8
2023  79 14 154.8
2023  79 15 154.8
2023  79 16 154.8
2023  79 17 154.8
2023  79 18 154.8
2023  79 19 154.8
2023  79 20 154.8
2023  79 21 154.8
2023  79 22 154.8
2023  79 23 154.8
2023  80  0 150.4
2023  80  1 150.4
2023  80  2 150.4
2023  80  3 150.4
2023  80  4 150.4
2023  80  5 150.4
2023  80  6 150.4
2023  80  7 150.4
2023  80  8 150.4
2023  80  9 150.4
2023  80 10 150.4
2023  80 11 150.4
2023  80 12 150.4
2023  80 13 150.4
2023  80 14 150.4
2023  80 15 150.4
2023  80 16 150.4
2023  80 17 150.4
2023  80 18 150.4
2023  80 19 150.4
2023  80 20 150.4
2023  80 21 150.4
2023  80 22 150.4
2023  80 23 150.4
2023  81  0 157.7
2023  81  1 157.7
2023  81  2 157.7
2023  81  3 157.7
2023  81  4 157.7
2023  81  5 157.7
2023  81  6 157.7
2023  81  7 157.7
2023  81  8 157.7
2023  81  9 157.7
2023  81 10 157.7
2023  81 11 157.7
2023  81 12 157.7
2023  81 13 157.7
2023  81 14 157.7
2023  81 15 157.7
2023  81 16 157.7
2023  81 17 157.7
2023  81 18 157.7
2023  81 19 157.7
2023  81 20 157.7
2023  81 21 157.7
2023  81 22 157.7
2023  81 23 157.7
2023  82  0 150.0
2023  82  1 150.0
2023  82  2 150.0
2023  82  3 150.0
2023  82  4 150.0
2023  82  5 150.0
2023  82  6 150.0
2023  82  7 150.0
2023  82  8 150.0
2023  82  9 150.0
2023  82 10 150.0
2023  82 11 150.0
2023  82 12 150.0
2023  82 13 150.0
2023  82 14 150.0
2023  82 15 150.0
2023  82 16 150.0
2023  82 17 150.0
2023  82 18 150.0
2023  82 19 150.0
2023  82 20 150.0
2023  82 21 150.0
2023  82 22 150.0
2023  82 23 150.0
2023  83  0 156.6
2023  83  1 156.6
2023  83  2 156.6
2023  83  3 156.6
2023  83  4 156.6
2023  83  5 156.6
2023  83  6 156.6
2023  83  7 156.6
2023  83  8 156.6
2023  83  9 156.6
2023  83 10 156.6
2023  83 11 156.6
2023  83 12 156.6
2023  83 13 156.6
2023  83 14 156.6
2023  83 15 156.6
2023  83 16 156.6
2023  83 17 156.6
2023  83 18 156.6
2023  83 19 156.6
2023  83 20 156.6
2023  83 21 156.6
2023  83 22 156.6
2023  83 23 156.6
2023  84  0 159.4
2023  84  1 159.4
2023  84  2 159.4
2023  84  3 159.4
2023  84  4 159.4
2023  84  5 159.4
2023  84  6 159.4
2023  84  7 159.4
2023  84  8 159.4
2023  84  9 159.4
2023  84 10 159.4
2023  84 11 159.4
2023  84 12 159.4
2023  84 13 159.4
2023  84 14 159.4
2023  84 15 159.4
2023  84 16 159.4
2023  84 17 159.4
2023  84 18 159.4
2023  84 19 159.4
2023  84 20 159.4
2023  84 21 159.4
2023  84 22 159.4
2023  84 23 159.4
2023  85  0 158.6
2023  85  1 158.6
2023  85  2 158.6
2023  85  3 158.6
2023  85  4 158.6
2023  85  5 158.6
2023  85  6 158.6
2023  85  7 158.6
2023  85  8 158.6
2023  85  9 158.6
2023  85 10 158.6
2023  85 11 158.6
2023  85 12 158.6
2023  85 13 158.6
2023  85 14 158.6
2023  85 15 158.6
2023  85 16 158.6
2023  85 17 158.6
2023  85 18 158.6
2023  85 19 158.6
2023  85 20 158.6
2023  85 21 158.6
2023  85 22 158.6
2023  85 23 158.6
2023  86  0 157.5
2023  86  1 157.5
2023  86  2 157.5
2023  86  3 157.5
2023  86  4 157.5
2023  86  5 157.5
2023  86  6 157.5
2023  86  7 157.5
2023  86  8 157.5
2023  86  9 157.5
2023  86 10 157.5
2023  86 11 157.5
2023  86 12 157.5
2023  86 13 157.5
2023  86 14 157.5
2023  86 15 157.5
2023  86 16 157.5
2023  86 17 157.5
2023  86 18 157.5
2023  86 19 157.5
2023  86 20 157.5
2023  86 21 157.5
2023  86 22 157.5
2023  86 23 157.5
2023  87  0 158.1
2023  87  1 158.1
2023  87  2 158.1
2023  87  3 158.1
2023  87  4 158.1
2023  87  5 158.1
2023  87  6 158.1
2023  87  7 158.1
2023  87  8 158.1
2023  87  9 158.1
2023  87 10 158.1
2023  87 11 158.1
2023  87 12 158.1
2023  87 13 158.1
2023  87 14 158.1
2023  87 15 158.1
2023  87 16 158.1
2023  87 17 158.1
2023  87 18 158.1
2023  87 19 158.1
2023  87 20 158.1
2023  87 21 158.1
2023  87 22 158.1
2023  87 23 158.1
2023  88  0 147.3
2023  88  1 147.3
2023  88  2 147.3
2023  88  3 147.3
2023  88  4 147.3
2023  88  5 147.3
2023  88  6 147.3
2023  88  7 147.3
2023  88  8 147.3
2023  88  9 147.3
2023  88 10 147.3
2023  88 11 147.3
2023  88 12 147.3
2023  88 13 147.3
2023  88 14 147.3
2023  88 15 147.3
2023  88 16 147.3
2023  88 17 147.3
2023  88 18 147.3
2023  88 19 147.3
2023  88 20 147.3
2023  88 21 147.3
2023  88 22 147.3
2023  88 23 147.3
2023  89  0 140.0
2023  89  1 140.0
2023  89  2 140.0
2023  89  3 140.0
2023  89  4 140.0
2023  89  5 140.0
2023  89  6 140.0
2023  89  7 140.0
2023  89  8 140.0
2023  89  9 140.0
2023  89 10 140.0
2023  89 11 140.0
2023  89 12 140.0
2023  89 13 140.0
2023  89 14 140.0
2023  89 15 140.0
2023  89 16 140.0
2023  89 17 140.0
2023  89 18 140.0
2023  89 19 140.0
2023  89 20 140.0
2023  89 21 140.0
2023  89 22 140.0
2023  89 23 140.0
2023  90  0 129.0
2023  90  1 129.0
2023  90  2 129.0
2023  90  3 129.0
2023  90  4 129.0
2023  90  5 129.0
2023  90  6 129.0
2023  90  7 129.0
2023  90  8 129.0
2023  90  9 129.0
2023  90 10 129.0
2023  90 11 129.0
2023  90 12 129.0
2023  90 13 129.0
2023  90 14 129.0
2023  90 15 129.0
2023  90 16 129.0
2023  90 17 129.0
2023  90 18 129.0
2023  90 19 129.0
2023  90 20 129.0
2023  90 21 129.0
2023  90 22 129.0
2023  90 23 129.0
2023  91  0 125.1
2023  91  1 125.1
2023  91  2 125.1
2023  91  3 125.1
2023  91  4 125.1
2023  91  5 125.1
2023  91  6 125.1
2023  91  7 125.1
2023  91  8 125.1
2023  91  9 125.1
2023  91 10 125.1
2023  91 11 125.1
2023  91 12 125.1
2023  91 13 125.1
2023  91 14 125.1
2023  91 15 125.1
2023  91 16 125.1
2023  91 17 125.1
2023  91 18 125.1
2023  91 19 125.1
2023  91 20 125.1
2023  91 21 125.1
2023  91 22 125.1
2023  91 23 125.1
2023  92  0 126.7
2023  92  1 126.7
2023  92  2 126.7
2023  92  3 126.7
2023  92  4 126.7
2023  92  5 126.7
2023  92  6 126.7
2023  92  7 126.7
2023  92  8 126.7
2023  92  9 126.7
2023  92 10 126.7
2023  92 11 126.7
2023  92 12 126.7
2023  92 13 126.7
2023  92 14 126.7
2023  92 15 126.7
2023  92 16 126.7
2023  92 17 126.7
2023  92 18 126.7
2023  92 19 126.7
2023  92 20 126.7
2023  92 21 126.7
2023  92 22 126.7
2023  92 23 126.7
2023  93  0 133.5
2023  93  1 133.5
2023  93  2 133.5
2023  93  3 133.5
2023  93  4 133.5
2023  93  5 133.5
2023  93  6 133.5
2023  93  7 133.5
2023  93  8 133.5
2023  93  9 133.5
2023  93 10 133.5
2023  93 11 133.5
2023  93 12 133.5
2023  93 13 133.5
2023  93 14 133.5
2023  93 15 133.5
2023  93 16 133.5
2023  93 17 133.5
2023  93 18 133.5
2023  93 19 133.5
2023  93 20 133.5
2023  93 21 133.5
2023  93 22 133.5
2023  93 23 133.5
2023  94  0 135.7
2023  94  1 135.7
2023  94  2 135.7
2023  94  3 135.7
2023  94  4 135.7
2023  94  5 135.7
2023  94  6 135.7
2023  94  7 135.7
2023  94  8 135.7
2023  94  9 135.7
2023  94 10 135.7
2023  94 11 135.7
2023  94 12 135.7
2023  94 13 135.7
2023  94 14 135.7
2023  94 15 135.7
2023  94 16 135.7
2023  94 17 135.7
2023  94 18 135.7
2023  94 19 135.7
2023  94 20 135.7
2023  94 21 135.7
2023  94 22 135.7
2023  94 23 135.7
2023  95  0 136.7
2023  95  1 136.7
2023  95  2 136.7
2023  95  3 136.7
2023  95  4 136.7
2023  95  5 136.7
2023  95  6 136.7
2023  95  7 136.7
2023  95  8 136.7
2023  95  9 136.7
2023  95 10 136.7
2023  95 11 136.7
2023  95 12 136.7
2023  95 13 136.7
2023  95 14 136.7
2023  95 15 136.7
2023  95 16 136.7
2023  95 17 136.7
2023  95 18 136.7
2023  95 19 136.7
2023  95 20 136.7
2023  95 21 136.7
2023  95 22 136.7
2023  95 23 136.7
2023  96  0 137.2
2023  96  1 137.2
2023  96  2 137.2
2023  96  3 137.2
2023  96  4 137.2
2023  96  5 137.2
2023  96  6 137.2
2023  96  7 137.2
2023  96  8 137.2
2023  96  9 137.2
2023  96 10 137.2
2023  96 11 137.2
2023  96 12 137.2
2023  96 13 137.2
2023  96 14 137.2
2023  96 15 137.2
2023  96 16 137.2
2023  96 17 137.2
2023  96 18 137.2
2023  96 19 137.2
2023  96 20 137.2
2023  96 21 137.2
2023  96 22 137.2
2023  96 23 137.2
2023  97  0 136.6
2023  97  1 136.6
2023  97  2 136.6
2023  97  3 136.6
2023  97  4 136.6
2023  97  5 136.6
2023  97  6 136.6
2023  97  7 136.6
2023  97  8 136.6
2023  97  9 136.6
2023  97 10 136.6
2023  97 11 136.6
2023  97 12 136.6
2023  97 13 136.6
2023  97 14 136.6
2023  97 15 136.6
2023  97 16 136.6
2023  97 17 136.6
2023  97 18 136.6
2023  97 19 136.6
2023  97 20 136.6
2023  97 21 136.6
2023  97 22 136.6
2023  97 23 136.6
2023  98  0 136.2
2023  98  1 136.2
2023  98  2 136.2
2023  98  3 136.2
2023  98  4 136.2
2023  98  5 136.2
2023  98  6 136.2
2023  98  7 136.2
2023  98  8 136.2
2023  98  9 136.2
2023  98 10 136.2
2023  98 11 136.2
2023  98 12 136.2
2023  98 13 136.2
2023  98 14 136.2
2023  98 15 136.2
2023  98 16 136.2
2023  98 17 136.2
2023  98 18 136.2
2023  98 19 136.2
2023  98 20 136.2
2023  98 21 136.2
2023  98 22 136.2
2023  98 23 136.2
2023  99  0 140.7
2023  99  1 140.7
2023  99  2 140.7
2023  99  3 140.7
2023  99  4 140.7
2023  99  5 140.7
2023  99  6 140.7
2023  99  7 140.7
2023  99  8 140.7
2023  99  9 140.7
2023  99 10 140.7
2023  99 11 140.7
2023  99 12 140.7
2023  99 13 140.7
2023  99 14 140.7
2023  99 15 140.7
2023  99 16 140.7
2023  99 17 140.7
2023  99 18 140.7
2023  99 19 140.7
2023  99 20 140.7
2023  99 21 140.7
2023  99 22 140.7
2023  99 23 140.7
2023 100  0 140.3
2023 100  1 140.3
2023 100  2 140.3
2023 100  3 140.3
2023 100  4 140.3
2023 100  5 140.3
2023 100  6 140.3
2023 100  7 140.3
2023 100  8 140.3
2023 100  9 140.3
2023 100 10 140.3
2023 100 11 140.3
2023 100 12 140.3
2023 100 13 140.3
2023 100 14 140.3
2023 100 15 140.3
2023 100 16 140.3
2023 100 17 140.3
2023 100 18 140.3
2023 100 19 140.3
2023 100 20 140.3
2023 100 21 140.3
2023 100 22 140.3
2023 100 23 140.3
2023 101  0 144.0
2023 101  1 144.0
2023 101  2 144.0
2023 101  3 144.0
2023 101  4 144.0
2023 101  5 144.0
2023 101  6 144.0
2023 101  7 144.0
2023 101  8 144.0
2023 101  9 144.0
2023 101 10 144.0
2023 101 11 144.0
2023 101 12 144.0
2023 101 13 144.0
2023 101 14 144.0
2023 101 15 144.0
2023 101 16 144.0
2023 101 17 144.0
2023 101 18 144.0
2023 101 19 144.0
2023 101 20 144.0
2023 101 21 144.0
2023 101 22 144.0
2023 101 23 144.0
