Year  DOY  Hour  Kp  F10.7
1999 244  0 30 165.8
1999 244  1 30 165.8
1999 244  2 30 165.8
1999 244  3 43 165.8
1999 244  4 43 165.8
1999 244  5 43 165.8
1999 244  6 43 165.8
1999 244  7 43 165.8
1999 244  8 43 165.8
1999 244  9 30 165.8
1999 244 10 30 165.8
1999 244 11 30 165.8
1999 244 12 37 165.8
1999 244 13 37 165.8
1999 244 14 37 165.8
1999 244 15 30 165.8
1999 244 16 30 165.8
1999 244 17 30 165.8
1999 244 18 30 165.8
1999 244 19 30 165.8
1999 244 20 30 165.8
1999 244 21 30 165.8
1999 244 22 30 165.8
1999 244 23 30 165.8
1999 245  0 33 159.3
1999 245  1 33 159.3
1999 245  2 33 159.3
1999 245  3 27 159.3
1999 245  4 27 159.3
1999 245  5 27 159.3
1999 245  6 27 159.3
1999 245  7 27 159.3
1999 245  8 27 159.3
1999 245  9 17 159.3
1999 245 10 17 159.3
1999 245 11 17 159.3
1999 245 12 17 159.3
1999 245 13 17 159.3
1999 245 14 17 159.3
1999 245 15 20 159.3
1999 245 16 20 159.3
1999 245 17 20 159.3
1999 245 18 20 159.3
1999 245 19 20 159.3
1999 245 20 20 159.3
1999 245 21 10 159.3
1999 245 22 10 159.3
1999 245 23 10 159.3
1999 246  0 13 141.7
1999 246  1 13 141.7
1999 246  2 13 141.7
1999 246  3 33 141.7
1999 246  4 33 141.7
1999 246  5 33 141.7
1999 246  6 40 141.7
1999 246  7 40 141.7
1999 246  8 40 141.7
1999 246  9 37 141.7
1999 246 10 37 141.7
1999 246 11 37 141.7
1999 246 12 33 141.7
1999 246 13 33 141.7
1999 246 14 33 141.7
1999 246 15 30 141.7
1999 246 16 30 141.7
1999 246 17 30 141.7
1999 246 18 10 141.7
1999 246 19 10 141.7
1999 246 20 10 141.7
1999 246 21 23 141.7
1999 246 22 23 141.7
1999 246 23 23 141.7
1999 247  0 23 133.5
1999 247  1 23 133.5
1999 247  2 23 133.5
1999 247  3 33 133.5
1999 247  4 33 133.5
1999 247  5 33 133.5
1999 247  6 33 133.5
1999 247  7 33 133.5
1999 247  8 33 133.5
1999 247  9 27 133.5
1999 247 10 27 133.5
1999 247 11 27 133.5
1999 247 12 20 133.5
1999 247 13 20 133.5
1999 247 14 20 133.5
1999 247 15 27 133.5
1999 247 16 27 133.5
1999 247 17 27 133.5
1999 247 18 20 133.5
1999 247 19 20 133.5
1999 247 20 20 133.5
1999 247 21 20 133.5
1999 247 22 20 133.5
1999 247 23 20 133.5
1999 248  0 17 123.8
1999 248  1 17 123.8
1999 248  2 17 123.8
1999 248  3 30 123.8
1999 248  4 30 123.8
1999 248  5 30 123.8
1999 248  6 10 123.8
1999 248  7 10 123.8
1999 248  8 10 123.8
1999 248  9 13 123.8
1999 248 10 13 123.8
1999 248 11 13 123.8
1999 248 12 13 123.8
1999 248 13 13 123.8
1999 248 14 13 123.8
1999 248 15  7 123.8
1999 248 16  7 123.8
1999 248 17  7 123.8
1999 248 18 10 123.8
1999 248 19 10 123.8
1999 248 20 10 123.8
1999 248 21 17 123.8
1999 248 22 17 123.8
1999 248 23 17 123.8
1999 249  0 10 120.4
1999 249  1 10 120.4
1999 249  2 10 120.4
1999 249  3 10 120.4
1999 249  4 10 120.4
1999 249  5 10 120.4
1999 249  6 17 120.4
1999 249  7 17 120.4
1999 249  8 17 120.4
1999 249  9 13 120.4
1999 249 10 13 120.4
1999 249 11 13 120.4
1999 249 12  7 120.4
1999 249 13  7 120.4
1999 249 14  7 120.4
1999 249 15 17 120.4
1999 249 16 17 120.4
1999 249 17 17 120.4
1999 249 18 20 120.4
1999 249 19 20 120.4
1999 249 20 20 120.4
1999 249 21 20 120.4
1999 249 22 20 120.4
1999 249 23 20 120.4
1999 250  0 17 114.1
1999 250  1 17 114.1
1999 250  2 17 114.1
1999 250  3 17 114.1
1999 250  4 17 114.1
1999 250  5 17 114.1
1999 250  6 33 114.1
1999 250  7 33 114.1
1999 250  8 33 114.1
1999 250  9 40 114.1
1999 250 10 40 114.1
1999 250 11 40 114.1
1999 250 12 27 114.1
1999 250 13 27 114.1
1999 250 14 27 114.1
1999 250 15 27 114.1
1999 250 16 27 114.1
1999 250 17 27 114.1
1999 250 18 40 114.1
1999 250 19 40 114.1
1999 250 20 40 114.1
1999 250 21 43 114.1
1999 250 22 43 114.1
1999 250 23 43 114.1
1999 251  0 30 108.4
1999 251  1 30 108.4
1999 251  2 30 108.4
1999 251  3 10 108.4
1999 251  4 10 108.4
1999 251  5 10 108.4
1999 251  6 10 108.4
1999 251  7 10 108.4
1999 251  8 10 108.4
1999 251  9 13 108.4
1999 251 10 13 108.4
1999 251 11 13 108.4
1999 251 12 23 108.4
1999 251 13 23 108.4
1999 251 14 23 108.4
1999 251 15 30 108.4
1999 251 16 30 108.4
1999 251 17 30 108.4
1999 251 18 10 108.4
1999 251 19 10 108.4
1999 251 20 10 108.4
1999 251 21 27 108.4
1999 251 22 27 108.4
1999 251 23 27 108.4
1999 252  0 27 108.0
1999 252  1 27 108.0
1999 252  2 27 108.0
1999 252  3 20 108.0
1999 252  4 20 108.0
1999 252  5 20 108.0
1999 252  6 20 108.0
1999 252  7 20 108.0
1999 252  8 20 108.0
1999 252  9 17 108.0
1999 252 10 17 108.0
1999 252 11 17 108.0
1999 252 12 37 108.0
1999 252 13 37 108.0
1999 252 14 37 108.0
1999 252 15 17 108.0
1999 252 16 17 108.0
1999 252 17 17 108.0
1999 252 18 17 108.0
1999 252 19 17 108.0
1999 252 20 17 108.0
1999 252 21 10 108.0
1999 252 22 10 108.0
1999 252 23 10 108.0
1999 253  0 23 123.7
1999 253  1 23 123.7
1999 253  2 23 123.7
1999 253  3 30 123.7
1999 253  4 30 123.7
1999 253  5 30 123.7
1999 253  6 33 123.7
1999 253  7 33 123.7
1999 253  8 33 123.7
1999 253  9 30 123.7
1999 253 10 30 123.7
1999 253 11 30 123.7
1999 253 12 37 123.7
1999 253 13 37 123.7
1999 253 14 37 123.7
1999 253 15 23 123.7
1999 253 16 23 123.7
1999 253 17 23 123.7
1999 253 18 33 123.7
1999 253 19 33 123.7
1999 253 20 33 123.7
1999 253 21 33 123.7
1999 253 22 33 123.7
1999 253 23 33 123.7
1999 254  0 40 124.1
1999 254  1 40 124.1
1999 254  2 40 124.1
1999 254  3 37 124.1
1999 254  4 37 124.1
1999 254  5 37 124.1
1999 254  6 17 124.1
1999 254  7 17 124.1
1999 254  8 17 124.1
1999 254  9 17 124.1
1999 254 10 17 124.1
1999 254 11 17 124.1
1999 254 12 17 124.1
1999 254 13 17 124.1
1999 254 14 17 124.1
1999 254 15 10 124.1
1999 254 16 10 124.1
1999 254 17 10 124.1
1999 254 18 10 124.1
1999 254 19 10 124.1
1999 254 20 10 124.1
1999 254 21 13 124.1
1999 254 22 13 124.1
1999 254 23 13 124.1
1999 255  0 27 142.6
1999 255  1 27 142.6
1999 255  2 27 142.6
1999 255  3 33 142.6
1999 255  4 33 142.6
1999 255  5 33 142.6
1999 255  6 20 142.6
1999 255  7 20 142.6
1999 255  8 20 142.6
1999 255  9 50 142.6
1999 255 10 50 142.6
1999 255 11 50 142.6
1999 255 12 30 142.6
1999 255 13 30 142.6
1999 255 14 30 142.6
1999 255 15 37 142.6
1999 255 16 37 142.6
1999 255 17 37 142.6
1999 255 18 60 142.6
1999 255 19 60 142.6
1999 255 20 60 142.6
1999 255 21 50 142.6
1999 255 22 50 142.6
1999 255 23 50 142.6
1999 256  0 57 156.5
1999 256  1 57 156.5
1999 256  2 57 156.5
1999 256  3 60 156.5
1999 256  4 60 156.5
1999 256  5 60 156.5
1999 256  6 47 156.5
1999 256  7 47 156.5
1999 256  8 47 156.5
1999 256  9 43 156.5
1999 256 10 43 156.5
1999 256 11 43 156.5
1999 256 12 43 156.5
1999 256 13 43 156.5
1999 256 14 43 156.5
1999 256 15 50 156.5
1999 256 16 50 156.5
1999 256 17 50 156.5
1999 256 18 50 156.5
1999 256 19 50 156.5
1999 256 20 50 156.5
1999 256 21 37 156.5
1999 256 22 37 156.5
1999 256 23 37 156.5
1999 257  0 47 158.2
1999 257  1 47 158.2
1999 257  2 47 158.2
1999 257  3 40 158.2
1999 257  4 40 158.2
1999 257  5 40 158.2
1999 257  6 40 158.2
1999 257  7 40 158.2
1999 257  8 40 158.2
1999 257  9 37 158.2
1999 257 10 37 158.2
1999 257 11 37 158.2
1999 257 12 23 158.2
1999 257 13 23 158.2
1999 257 14 23 158.2
1999 257 15 33 158.2
1999 257 16 33 158.2
1999 257 17 33 158.2
1999 257 18 27 158.2
1999 257 19 27 158.2
1999 257 20 27 158.2
1999 257 21 27 158.2
1999 257 22 27 158.2
1999 257 23 27 158.2
1999 258  0 37 156.6
1999 258  1 37 156.6
1999 258  2 37 156.6
1999 258  3 37 156.6
1999 258  4 37 156.6
1999 258  5 37 156.6
1999 258  6 50 156.6
1999 258  7 50 156.6
1999 258  8 50 156.6
1999 258  9 57 156.6
1999 258 10 57 156.6
1999 258 11 57 156.6
1999 258 12 37 156.6
1999 258 13 37 156.6
1999 258 14 37 156.6
1999 258 15 27 156.6
1999 258 16 27 156.6
1999 258 17 27 156.6
1999 258 18 30 156.6
1999 258 19 30 156.6
1999 258 20 30 156.6
1999 258 21 17 156.6
1999 258 22 17 156.6
1999 258 23 17 156.6
1999 259  0 33 159.9
1999 259  1 33 159.9
1999 259  2 33 159.9
1999 259  3 60 159.9
1999 259  4 60 159.9
1999 259  5 60 159.9
1999 259  6 50 159.9
1999 259  7 50 159.9
1999 259  8 50 159.9
1999 259  9 43 159.9
1999 259 10 43 159.9
1999 259 11 43 159.9
1999 259 12 33 159.9
1999 259 13 33 159.9
1999 259 14 33 159.9
1999 259 15 37 159.9
1999 259 16 37 159.9
1999 259 17 37 159.9
1999 259 18 30 159.9
1999 259 19 30 159.9
1999 259 20 30 159.9
1999 259 21 27 159.9
1999 259 22 27 159.9
1999 259 23 27 159.9
1999 260  0 30 159.1
1999 260  1 30 159.1
1999 260  2 30 159.1
1999 260  3 23 159.1
1999 260  4 23 159.1
1999 260  5 23 159.1
1999 260  6 20 159.1
1999 260  7 20 159.1
1999 260  8 20 159.1
1999 260  9 20 159.1
1999 260 10 20 159.1
1999 260 11 20 159.1
1999 260 12 40 159.1
1999 260 13 40 159.1
1999 260 14 40 159.1
1999 260 15 43 159.1
1999 260 16 43 159.1
1999 260 17 43 159.1
1999 260 18 37 159.1
1999 260 19 37 159.1
1999 260 20 37 159.1
1999 260 21 23 159.1
1999 260 22 23 159.1
1999 260 23 23 159.1
1999 261  0 13 153.0
1999 261  1 13 153.0
1999 261  2 13 153.0
1999 261  3 27 153.0
1999 261  4 27 153.0
1999 261  5 27 153.0
1999 261  6 27 153.0
1999 261  7 27 153.0
1999 261  8 27 153.0
1999 261  9 37 153.0
1999 261 10 37 153.0
1999 261 11 37 153.0
1999 261 12 40 153.0
1999 261 13 40 153.0
1999 261 14 40 153.0
1999 261 15 37 153.0
1999 261 16 37 153.0
1999 261 17 37 153.0
1999 261 18 10 153.0
1999 261 19 10 153.0
1999 261 20 10 153.0
1999 261 21  7 153.0
1999 261 22  7 153.0
1999 261 23  7 153.0
1999 262  0 20 150.6
1999 262  1 20 150.6
1999 262  2 20 150.6
1999 262  3 27 150.6
1999 262  4 27 150.6
1999 262  5 27 150.6
1999 262  6 17 150.6
1999 262  7 17 150.6
1999 262  8 17 150.6
1999 262  9 27 150.6
1999 262 10 27 150.6
1999 262 11 27 150.6
1999 262 12 33 150.6
1999 262 13 33 150.6
1999 262 14 33 150.6
1999 262 15 17 150.6
1999 262 16 17 150.6
1999 262 17 17 150.6
1999 262 18 17 150.6
1999 262 19 17 150.6
1999 262 20 17 150.6
1999 262 21 20 150.6
1999 262 22 20 150.6
1999 262 23 20 150.6
1999 263  0 20 146.2
1999 263  1 20 146.2
1999 263  2 20 146.2
1999 263  3 20 146.2
1999 263  4 20 146.2
1999 263  5 20 146.2
1999 263  6 20 146.2
1999 263  7 20 146.2
1999 263  8 20 146.2
1999 263  9 13 146.2
1999 263 10 13 146.2
1999 263 11 13 146.2
1999 263 12 17 146.2
1999 263 13 17 146.2
1999 263 14 17 146.2
1999 263 15 20 146.2
1999 263 16 20 146.2
1999 263 17 20 146.2
1999 263 18 33 146.2
1999 263 19 33 146.2
1999 263 20 33 146.2
1999 263 21 20 146.2
1999 263 22 20 146.2
1999 263 23 20 146.2
1999 264  0 20 147.9
1999 264  1 20 147.9
1999 264  2 20 147.9
1999 264  3 10 147.9
1999 264  4 10 147.9
1999 264  5 10 147.9
1999 264  6 17 147.9
1999 264  7 17 147.9
1999 264  8 17 147.9
1999 264  9 17 147.9
1999 264 10 17 147.9
1999 264 11 17 147.9
1999 264 12 33 147.9
1999 264 13 33 147.9
1999 264 14 33 147.9
1999 264 15 20 147.9
1999 264 16 20 147.9
1999 264 17 20 147.9
1999 264 18 33 147.9
1999 264 19 33 147.9
1999 264 20 33 147.9
1999 264 21 37 147.9
1999 264 22 37 147.9
1999 264 23 37 147.9
1999 265  0 30 141.5
1999 265  1 30 141.5
1999 265  2 30 141.5
1999 265  3 20 141.5
1999 265  4 20 141.5
1999 265  5 20 141.5
1999 265  6 20 141.5
1999 265  7 20 141.5
1999 265  8 20 141.5
1999 265  9 27 141.5
1999 265 10 27 141.5
1999 265 11 27 141.5
1999 265 12 50 141.5
1999 265 13 50 141.5
1999 265 14 50 141.5
1999 265 15 37 141.5
1999 265 16 37 141.5
1999 265 17 37 141.5
1999 265 18 60 141.5
1999 265 19 60 141.5
1999 265 20 60 141.5
1999 265 21 80 141.5
1999 265 22 80 141.5
1999 265 23 80 141.5
1999 266  0 63 137.8
1999 266  1 63 137.8
1999 266  2 63 137.8
1999 266  3 60 137.8
1999 266  4 60 137.8
1999 266  5 60 137.8
1999 266  6 33 137.8
1999 266  7 33 137.8
1999 266  8 33 137.8
1999 266  9 13 137.8
1999 266 10 13 137.8
1999 266 11 13 137.8
1999 266 12 10 137.8
1999 266 13 10 137.8
1999 266 14 10 137.8
1999 266 15 20 137.8
1999 266 16 20 137.8
1999 266 17 20 137.8
1999 266 18 20 137.8
1999 266 19 20 137.8
1999 266 20 20 137.8
1999 266 21 20 137.8
1999 266 22 20 137.8
1999 266 23 20 137.8
1999 267  0 13 132.4
1999 267  1 13 132.4
1999 267  2 13 132.4
1999 267  3 20 132.4
1999 267  4 20 132.4
1999 267  5 20 132.4
1999 267  6 13 132.4
1999 267  7 13 132.4
1999 267  8 13 132.4
1999 267  9 10 132.4
1999 267 10 10 132.4
1999 267 11 10 132.4
1999 267 12 10 132.4
1999 267 13 10 132.4
1999 267 14 10 132.4
1999 267 15 17 132.4
1999 267 16 17 132.4
1999 267 17 17 132.4
1999 267 18  3 132.4
1999 267 19  3 132.4
1999 267 20  3 132.4
1999 267 21 13 132.4
1999 267 22 13 132.4
1999 267 23 13 132.4
1999 268  0 13 126.1
1999 268  1 13 126.1
1999 268  2 13 126.1
1999 268  3  7 126.1
1999 268  4  7 126.1
1999 268  5  7 126.1
1999 268  6  3 126.1
1999 268  7  3 126.1
1999 268  8  3 126.1
1999 268  9 10 126.1
1999 268 10 10 126.1
1999 268 11 10 126.1
1999 268 12 10 126.1
1999 268 13 10 126.1
1999 268 14 10 126.1
1999 268 15 10 126.1
1999 268 16 10 126.1
1999 268 17 10 126.1
1999 268 18  7 126.1
1999 268 19  7 126.1
1999 268 20  7 126.1
1999 268 21  7 126.1
1999 268 22  7 126.1
1999 268 23  7 126.1
1999 269  0  0 123.3
1999 269  1  0 123.3
1999 269  2  0 123.3
1999 269  3  0 123.3
1999 269  4  0 123.3
1999 269  5  0 123.3
1999 269  6  7 123.3
1999 269  7  7 123.3
1999 269  8  7 123.3
1999 269  9 10 123.3
1999 269 10 10 123.3
1999 269 11 10 123.3
1999 269 12 20 123.3
1999 269 13 20 123.3
1999 269 14 20 123.3
1999 269 15 50 123.3
1999 269 16 50 123.3
1999 269 17 50 123.3
1999 269 18 47 123.3
1999 269 19 47 123.3
1999 269 20 47 123.3
1999 269 21 53 123.3
1999 269 22 53 123.3
1999 269 23 53 123.3
1999 270  0 43 124.4
1999 270  1 43 124.4
1999 270  2 43 124.4
1999 270  3 43 124.4
1999 270  4 43 124.4
1999 270  5 43 124.4
1999 270  6 47 124.4
1999 270  7 47 124.4
1999 270  8 47 124.4
1999 270  9 43 124.4
1999 270 10 43 124.4
1999 270 11 43 124.4
1999 270 12 50 124.4
1999 270 13 50 124.4
1999 270 14 50 124.4
1999 270 15 57 124.4
1999 270 16 57 124.4
1999 270 17 57 124.4
1999 270 18 53 124.4
1999 270 19 53 124.4
1999 270 20 53 124.4
1999 270 21 47 124.4
1999 270 22 47 124.4
1999 270 23 47 124.4
1999 271  0 43 126.5
1999 271  1 43 126.5
1999 271  2 43 126.5
1999 271  3 37 126.5
1999 271  4 37 126.5
1999 271  5 37 126.5
1999 271  6 47 126.5
1999 271  7 47 126.5
1999 271  8 47 126.5
1999 271  9 23 126.5
1999 271 10 23 126.5
1999 271 11 23 126.5
1999 271 12 40 126.5
1999 271 13 40 126.5
1999 271 14 40 126.5
1999 271 15 40 126.5
1999 271 16 40 126.5
1999 271 17 40 126.5
1999 271 18 33 126.5
1999 271 19 33 126.5
1999 271 20 33 126.5
1999 271 21 47 126.5
1999 271 22 47 126.5
1999 271 23 47 126.5
1999 272  0 43 125.3
1999 272  1 43 125.3
1999 272  2 43 125.3
1999 272  3 43 125.3
1999 272  4 43 125.3
1999 272  5 43 125.3
1999 272  6 47 125.3
1999 272  7 47 125.3
1999 272  8 47 125.3
1999 272  9 33 125.3
1999 272 10 33 125.3
1999 272 11 33 125.3
1999 272 12 27 125.3
1999 272 13 27 125.3
1999 272 14 27 125.3
1999 272 15 33 125.3
1999 272 16 33 125.3
1999 272 17 33 125.3
1999 272 18 30 125.3
1999 272 19 30 125.3
1999 272 20 30 125.3
1999 272 21 43 125.3
1999 272 22 43 125.3
1999 272 23 43 125.3
1999 273  0 47 125.1
1999 273  1 47 125.1
1999 273  2 47 125.1
1999 273  3 53 125.1
1999 273  4 53 125.1
1999 273  5 53 125.1
1999 273  6 40 125.1
1999 273  7 40 125.1
1999 273  8 40 125.1
1999 273  9 43 125.1
1999 273 10 43 125.1
1999 273 11 43 125.1
1999 273 12 33 125.1
1999 273 13 33 125.1
1999 273 14 33 125.1
1999 273 15 27 125.1
1999 273 16 27 125.1
1999 273 17 27 125.1
1999 273 18 30 125.1
1999 273 19 30 125.1
1999 273 20 30 125.1
1999 273 21 23 125.1
1999 273 22 23 125.1
1999 273 23 23 125.1
1999 274  0 23 121.9
1999 274  1 23 121.9
1999 274  2 23 121.9
1999 274  3 27 121.9
1999 274  4 27 121.9
1999 274  5 27 121.9
1999 274  6 13 121.9
1999 274  7 13 121.9
1999 274  8 13 121.9
1999 274  9 17 121.9
1999 274 10 17 121.9
1999 274 11 17 121.9
1999 274 12 30 121.9
1999 274 13 30 121.9
1999 274 14 30 121.9
1999 274 15 17 121.9
1999 274 16 17 121.9
1999 274 17 17 121.9
1999 274 18 30 121.9
1999 274 19 30 121.9
1999 274 20 30 121.9
1999 274 21 13 121.9
1999 274 22 13 121.9
1999 274 23 13 121.9
1999 275  0 30 126.6
1999 275  1 30 126.6
1999 275  2 30 126.6
1999 275  3 33 126.6
1999 275  4 33 126.6
1999 275  5 33 126.6
1999 275  6 37 126.6
1999 275  7 37 126.6
1999 275  8 37 126.6
1999 275  9 17 126.6
1999 275 10 17 126.6
1999 275 11 17 126.6
1999 275 12 27 126.6
1999 275 13 27 126.6
1999 275 14 27 126.6
1999 275 15 23 126.6
1999 275 16 23 126.6
1999 275 17 23 126.6
1999 275 18 20 126.6
1999 275 19 20 126.6
1999 275 20 20 126.6
1999 275 21 27 126.6
1999 275 22 27 126.6
1999 275 23 27 126.6
1999 276  0 20 134.7
1999 276  1 20 134.7
1999 276  2 20 134.7
1999 276  3 20 134.7
1999 276  4 20 134.7
1999 276  5 20 134.7
1999 276  6 23 134.7
1999 276  7 23 134.7
1999 276  8 23 134.7
1999 276  9 20 134.7
1999 276 10 20 134.7
1999 276 11 20 134.7
1999 276 12 17 134.7
1999 276 13 17 134.7
1999 276 14 17 134.7
1999 276 15 27 134.7
1999 276 16 27 134.7
1999 276 17 27 134.7
1999 276 18 13 134.7
1999 276 19 13 134.7
1999 276 20 13 134.7
1999 276 21 27 134.7
1999 276 22 27 134.7
1999 276 23 27 134.7
1999 277  0 13 144.4
1999 277  1 13 144.4
1999 277  2 13 144.4
1999 277  3 33 144.4
1999 277  4 33 144.4
1999 277  5 33 144.4
1999 277  6 33 144.4
1999 277  7 33 144.4
1999 277  8 33 144.4
1999 277  9 37 144.4
1999 277 10 37 144.4
1999 277 11 37 144.4
1999 277 12 27 144.4
1999 277 13 27 144.4
1999 277 14 27 144.4
1999 277 15 30 144.4
1999 277 16 30 144.4
1999 277 17 30 144.4
1999 277 18 37 144.4
1999 277 19 37 144.4
1999 277 20 37 144.4
1999 277 21 37 144.4
1999 277 22 37 144.4
1999 277 23 37 144.4
1999 278  0 27 146.2
1999 278  1 27 146.2
1999 278  2 27 146.2
1999 278  3 30 146.2
1999 278  4 30 146.2
1999 278  5 30 146.2
1999 278  6 23 146.2
1999 278  7 23 146.2
1999 278  8 23 146.2
1999 278  9 33 146.2
1999 278 10 33 146.2
1999 278 11 33 146.2
1999 278 12 40 146.2
1999 278 13 40 146.2
1999 278 14 40 146.2
1999 278 15 37 146.2
1999 278 16 37 146.2
1999 278 17 37 146.2
1999 278 18 27 146.2
1999 278 19 27 146.2
1999 278 20 27 146.2
1999 278 21 40 146.2
1999 278 22 40 146.2
1999 278 23 40 146.2
1999 279  0  7 133.5
1999 279  1  7 133.5
1999 279  2  7 133.5
1999 279  3 10 133.5
1999 279  4 10 133.5
1999 279  5 10 133.5
1999 279  6 20 133.5
1999 279  7 20 133.5
1999 279  8 20 133.5
1999 279  9 20 133.5
1999 279 10 20 133.5
1999 279 11 20 133.5
1999 279 12 23 133.5
1999 279 13 23 133.5
1999 279 14 23 133.5
1999 279 15 13 133.5
1999 279 16 13 133.5
1999 279 17 13 133.5
1999 279 18 13 133.5
1999 279 19 13 133.5
1999 279 20 13 133.5
1999 279 21 10 133.5
1999 279 22 10 133.5
1999 279 23 10 133.5
1999 280  0 17 129.2
1999 280  1 17 129.2
1999 280  2 17 129.2
1999 280  3 23 129.2
1999 280  4 23 129.2
1999 280  5 23 129.2
1999 280  6 17 129.2
1999 280  7 17 129.2
1999 280  8 17 129.2
1999 280  9 13 129.2
1999 280 10 13 129.2
1999 280 11 13 129.2
1999 280 12  7 129.2
1999 280 13  7 129.2
1999 280 14  7 129.2
1999 280 15  3 129.2
1999 280 16  3 129.2
1999 280 17  3 129.2
1999 280 18 13 129.2
1999 280 19 13 129.2
1999 280 20 13 129.2
1999 280 21 10 129.2
1999 280 22 10 129.2
1999 280 23 10 129.2
1999 281  0 13 150.9
1999 281  1 13 150.9
1999 281  2 13 150.9
1999 281  3 30 150.9
1999 281  4 30 150.9
1999 281  5 30 150.9
1999 281  6 17 150.9
1999 281  7 17 150.9
1999 281  8 17 150.9
1999 281  9 20 150.9
1999 281 10 20 150.9
1999 281 11 20 150.9
1999 281 12 27 150.9
1999 281 13 27 150.9
1999 281 14 27 150.9
1999 281 15  3 150.9
1999 281 16  3 150.9
1999 281 17  3 150.9
1999 281 18  7 150.9
1999 281 19  7 150.9
1999 281 20  7 150.9
1999 281 21 17 150.9
1999 281 22 17 150.9
1999 281 23 17 150.9
1999 282  0  7 152.8
1999 282  1  7 152.8
1999 282  2  7 152.8
1999 282  3 10 152.8
1999 282  4 10 152.8
1999 282  5 10 152.8
1999 282  6 13 152.8
1999 282  7 13 152.8
1999 282  8 13 152.8
1999 282  9 10 152.8
1999 282 10 10 152.8
1999 282 11 10 152.8
1999 282 12  7 152.8
1999 282 13  7 152.8
1999 282 14  7 152.8
1999 282 15 17 152.8
1999 282 16 17 152.8
1999 282 17 17 152.8
1999 282 18 27 152.8
1999 282 19 27 152.8
1999 282 20 27 152.8
1999 282 21 30 152.8
1999 282 22 30 152.8
1999 282 23 30 152.8
1999 283  0 27 160.0
1999 283  1 27 160.0
1999 283  2 27 160.0
1999 283  3 43 160.0
1999 283  4 43 160.0
1999 283  5 43 160.0
1999 283  6 43 160.0
1999 283  7 43 160.0
1999 283  8 43 160.0
1999 283  9 47 160.0
1999 283 10 47 160.0
1999 283 11 47 160.0
1999 283 12 47 160.0
1999 283 13 47 160.0
1999 283 14 47 160.0
1999 283 15 57 160.0
1999 283 16 57 160.0
1999 283 17 57 160.0
1999 283 18 40 160.0
1999 283 19 40 160.0
1999 283 20 40 160.0
1999 283 21 30 160.0
1999 283 22 30 160.0
1999 283 23 30 160.0
1999 284  0 43 166.0
1999 284  1 43 166.0
1999 284  2 43 166.0
1999 284  3 33 166.0
1999 284  4 33 166.0
1999 284  5 33 166.0
1999 284  6 47 166.0
1999 284  7 47 166.0
1999 284  8 47 166.0
1999 284  9 37 166.0
1999 284 10 37 166.0
1999 284 11 37 166.0
1999 284 12 33 166.0
1999 284 13 33 166.0
1999 284 14 33 166.0
1999 284 15 47 166.0
1999 284 16 47 166.0
1999 284 17 47 166.0
1999 284 18 33 166.0
1999 284 19 33 166.0
1999 284 20 33 166.0
1999 284 21 50 166.0
1999 284 22 50 166.0
1999 284 23 50 166.0
1999 285  0 50 182.9
1999 285  1 50 182.9
1999 285  2 50 182.9
1999 285  3 50 182.9
1999 285  4 50 182.9
1999 285  5 50 182.9
1999 285  6 37 182.9
1999 285  7 37 182.9
1999 285  8 37 182.9
1999 285  9 50 182.9
1999 285 10 50 182.9
1999 285 11 50 182.9
1999 285 12 53 182.9
1999 285 13 53 182.9
1999 285 14 53 182.9
1999 285 15 53 182.9
1999 285 16 53 182.9
1999 285 17 53 182.9
1999 285 18 53 182.9
1999 285 19 53 182.9
1999 285 20 53 182.9
1999 285 21 43 182.9
1999 285 22 43 182.9
1999 285 23 43 182.9
1999 286  0 47 190.1
1999 286  1 47 190.1
1999 286  2 47 190.1
1999 286  3 30 190.1
1999 286  4 30 190.1
1999 286  5 30 190.1
1999 286  6 40 190.1
1999 286  7 40 190.1
1999 286  8 40 190.1
1999 286  9 27 190.1
1999 286 10 27 190.1
1999 286 11 27 190.1
1999 286 12 37 190.1
1999 286 13 37 190.1
1999 286 14 37 190.1
1999 286 15 40 190.1
1999 286 16 40 190.1
1999 286 17 40 190.1
1999 286 18 40 190.1
1999 286 19 40 190.1
1999 286 20 40 190.1
1999 286 21 33 190.1
1999 286 22 33 190.1
1999 286 23 33 190.1
