Year  DOY  Hour  Kp  F10.7
2018 151  0 13
2018 151  1 13
2018 151  2 13
2018 151  3 13
2018 151  4 13
2018 151  5 13
2018 151  6  7
2018 151  7  7
2018 151  8  7
2018 151  9 13
2018 151 10 13
2018 151 11 13
2018 151 12 17
2018 151 13 17
2018 151 14 17
2018 151 15 37
2018 151 16 37
2018 151 17 37
2018 151 18 43
2018 151 19 43
2018 151 20 43
2018 151 21 30
2018 151 22 30
2018 151 23 30
2018 152  0 30
2018 152  1 30
2018 152  2 30
2018 152  3 37
2018 152  4 37
2018 152  5 37
2018 152  6 47
2018 152  7 47
2018 152  8 47
2018 152  9 43
2018 152 10 43
2018 152 11 43
2018 152 12 47
2018 152 13 47
2018 152 14 47
2018 152 15 37
2018 152 16 37
2018 152 17 37
2018 152 18 23
2018 152 19 23
2018 152 20 23
2018 152 21 23
2018 152 22 23
2018 152 23 23
2018 153  0 27
2018 153  1 27
2018 153  2 27
2018 153  3 40
2018 153  4 40
2018 153  5 40
2018 153  6 27
2018 153  7 27
2018 153  8 27
2018 153  9 20
2018 153 10 20
2018 153 11 20
2018 153 12 27
2018 153 13 27
2018 153 14 27
2018 153 15 23
2018 153 16 23
2018 153 17 23
2018 153 18 40
2018 153 19 40
2018 153 20 40
2018 153 21 37
2018 153 22 37
2018 153 23 37
2018 154  0 27
2018 154  1 27
2018 154  2 27
2018 154  3 17
2018 154  4 17
2018 154  5 17
2018 154  6 10
2018 154  7 10
2018 154  8 10
2018 154  9 17
2018 154 10 17
2018 154 11 17
2018 154 12 27
2018 154 13 27
2018 154 14 27
2018 154 15 27
2018 154 16 27
2018 154 17 27
2018 154 18 20
2018 154 19 20
2018 154 20 20
2018 154 21 17
2018 154 22 17
2018 154 23 17
2018 155  0 10
2018 155  1 10
2018 155  2 10
2018 155  3 13
2018 155  4 13
2018 155  5 13
2018 155  6 13
2018 155  7 13
2018 155  8 13
2018 155  9 13
2018 155 10 13
2018 155 11 13
2018 155 12  7
2018 155 13  7
2018 155 14  7
2018 155 15 10
2018 155 16 10
2018 155 17 10
2018 155 18 13
2018 155 19 13
2018 155 20 13
2018 155 21  7
2018 155 22  7
2018 155 23  7
2018 156  0 17
2018 156  1 17
2018 156  2 17
2018 156  3 13
2018 156  4 13
2018 156  5 13
2018 156  6 10
2018 156  7 10
2018 156  8 10
2018 156  9 10
2018 156 10 10
2018 156 11 10
2018 156 12 17
2018 156 13 17
2018 156 14 17
2018 156 15 17
2018 156 16 17
2018 156 17 17
2018 156 18 17
2018 156 19 17
2018 156 20 17
2018 156 21  7
2018 156 22  7
2018 156 23  7
2018 157  0  7
2018 157  1  7
2018 157  2  7
2018 157  3  7
2018 157  4  7
2018 157  5  7
2018 157  6  3
2018 157  7  3
2018 157  8  3
2018 157  9  3
2018 157 10  3
2018 157 11  3
2018 157 12 13
2018 157 13 13
2018 157 14 13
2018 157 15 23
2018 157 16 23
2018 157 17 23
2018 157 18 37
2018 157 19 37
2018 157 20 37
2018 157 21 17
2018 157 22 17
2018 157 23 17
2018 158  0 27
2018 158  1 27
2018 158  2 27
2018 158  3 17
2018 158  4 17
2018 158  5 17
2018 158  6 10
2018 158  7 10
2018 158  8 10
2018 158  9 10
2018 158 10 10
2018 158 11 10
2018 158 12  3
2018 158 13  3
2018 158 14  3
2018 158 15  7
2018 158 16  7
2018 158 17  7
2018 158 18 10
2018 158 19 10
2018 158 20 10
2018 158 21 13
2018 158 22 13
2018 158 23 13
2018 159  0  7
2018 159  1  7
2018 159  2  7
2018 159  3 20
2018 159  4 20
2018 159  5 20
2018 159  6  7
2018 159  7  7
2018 159  8  7
2018 159  9 17
2018 159 10 17
2018 159 11 17
2018 159 12 13
2018 159 13 13
2018 159 14 13
2018 159 15  3
2018 159 16  3
2018 159 17  3
2018 159 18  3
2018 159 19  3
2018 159 20  3
2018 159 21  3
2018 159 22  3
2018 159 23  3
2018 160  0 10
2018 160  1 10
2018 160  2 10
2018 160  3  7
2018 160  4  7
2018 160  5  7
2018 160  6 10
2018 160  7 10
2018 160  8 10
2018 160  9 10
2018 160 10 10
2018 160 11 10
2018 160 12  3
2018 160 13  3
2018 160 14  3
2018 160 15  7
2018 160 16  7
2018 160 17  7
2018 160 18 13
2018 160 19 13
2018 160 20 13
2018 160 21  0
2018 160 22  0
2018 160 23  0
2018 161  0  7
2018 161  1  7
2018 161  2  7
2018 161  3 10
2018 161  4 10
2018 161  5 10
2018 161  6  0
2018 161  7  0
2018 161  8  0
2018 161  9  0
2018 161 10  0
2018 161 11  0
2018 161 12  3
2018 161 13  3
2018 161 14  3
2018 161 15 10
2018 161 16 10
2018 161 17 10
2018 161 18  7
2018 161 19  7
2018 161 20  7
2018 161 21  0
2018 161 22  0
2018 161 23  0
2018 162  0 10
2018 162  1 10
2018 162  2 10
2018 162  3  3
2018 162  4  3
2018 162  5  3
2018 162  6  3
2018 162  7  3
2018 162  8  3
2018 162  9  3
2018 162 10  3
2018 162 11  3
2018 162 12 10
2018 162 13 10
2018 162 14 10
2018 162 15 13
2018 162 16 13
2018 162 17 13
2018 162 18  3
2018 162 19  3
2018 162 20  3
2018 162 21 10
2018 162 22 10
2018 162 23 10
2018 163  0 17
2018 163  1 17
2018 163  2 17
2018 163  3 17
2018 163  4 17
2018 163  5 17
2018 163  6  3
2018 163  7  3
2018 163  8  3
2018 163  9  3
2018 163 10  3
2018 163 11  3
2018 163 12  7
2018 163 13  7
2018 163 14  7
2018 163 15  3
2018 163 16  3
2018 163 17  3
2018 163 18  3
2018 163 19  3
2018 163 20  3
2018 163 21  7
2018 163 22  7
2018 163 23  7
2018 164  0  3
2018 164  1  3
2018 164  2  3
2018 164  3  7
2018 164  4  7
2018 164  5  7
2018 164  6 10
2018 164  7 10
2018 164  8 10
2018 164  9  3
2018 164 10  3
2018 164 11  3
2018 164 12  3
2018 164 13  3
2018 164 14  3
2018 164 15  3
2018 164 16  3
2018 164 17  3
2018 164 18 20
2018 164 19 20
2018 164 20 20
2018 164 21 20
2018 164 22 20
2018 164 23 20
2018 165  0 13
2018 165  1 13
2018 165  2 13
2018 165  3 10
2018 165  4 10
2018 165  5 10
2018 165  6 13
2018 165  7 13
2018 165  8 13
2018 165  9 10
2018 165 10 10
2018 165 11 10
2018 165 12 13
2018 165 13 13
2018 165 14 13
2018 165 15 10
2018 165 16 10
2018 165 17 10
2018 165 18 10
2018 165 19 10
2018 165 20 10
2018 165 21 10
2018 165 22 10
2018 165 23 10
2018 166  0  7
2018 166  1  7
2018 166  2  7
2018 166  3  7
2018 166  4  7
2018 166  5  7
2018 166  6  3
2018 166  7  3
2018 166  8  3
2018 166  9 10
2018 166 10 10
2018 166 11 10
2018 166 12  7
2018 166 13  7
2018 166 14  7
2018 166 15 10
2018 166 16 10
2018 166 17 10
2018 166 18  3
2018 166 19  3
2018 166 20  3
2018 166 21  0
2018 166 22  0
2018 166 23  0
2018 167  0  0
2018 167  1  0
2018 167  2  0
2018 167  3  7
2018 167  4  7
2018 167  5  7
2018 167  6  3
2018 167  7  3
2018 167  8  3
2018 167  9  0
2018 167 10  0
2018 167 11  0
2018 167 12  3
2018 167 13  3
2018 167 14  3
2018 167 15  3
2018 167 16  3
2018 167 17  3
2018 167 18  3
2018 167 19  3
2018 167 20  3
2018 167 21  7
2018 167 22  7
2018 167 23  7
2018 168  0  7
2018 168  1  7
2018 168  2  7
2018 168  3  7
2018 168  4  7
2018 168  5  7
2018 168  6 10
2018 168  7 10
2018 168  8 10
2018 168  9  3
2018 168 10  3
2018 168 11  3
2018 168 12  3
2018 168 13  3
2018 168 14  3
2018 168 15 10
2018 168 16 10
2018 168 17 10
2018 168 18 17
2018 168 19 17
2018 168 20 17
2018 168 21 17
2018 168 22 17
2018 168 23 17
2018 169  0 40
2018 169  1 40
2018 169  2 40
2018 169  3 33
2018 169  4 33
2018 169  5 33
2018 169  6 37
2018 169  7 37
2018 169  8 37
2018 169  9 33
2018 169 10 33
2018 169 11 33
2018 169 12 30
2018 169 13 30
2018 169 14 30
2018 169 15 23
2018 169 16 23
2018 169 17 23
2018 169 18 23
2018 169 19 23
2018 169 20 23
2018 169 21 20
2018 169 22 20
2018 169 23 20
2018 170  0 13
2018 170  1 13
2018 170  2 13
2018 170  3 17
2018 170  4 17
2018 170  5 17
2018 170  6 23
2018 170  7 23
2018 170  8 23
2018 170  9 17
2018 170 10 17
2018 170 11 17
2018 170 12 10
2018 170 13 10
2018 170 14 10
2018 170 15  7
2018 170 16  7
2018 170 17  7
2018 170 18 10
2018 170 19 10
2018 170 20 10
2018 170 21 10
2018 170 22 10
2018 170 23 10
2018 171  0  3
2018 171  1  3
2018 171  2  3
2018 171  3 17
2018 171  4 17
2018 171  5 17
2018 171  6 23
2018 171  7 23
2018 171  8 23
2018 171  9 17
2018 171 10 17
2018 171 11 17
2018 171 12 10
2018 171 13 10
2018 171 14 10
2018 171 15 10
2018 171 16 10
2018 171 17 10
2018 171 18  7
2018 171 19  7
2018 171 20  7
2018 171 21 10
2018 171 22 10
2018 171 23 10
2018 172  0  7
2018 172  1  7
2018 172  2  7
2018 172  3  7
2018 172  4  7
2018 172  5  7
2018 172  6  7
2018 172  7  7
2018 172  8  7
2018 172  9 10
2018 172 10 10
2018 172 11 10
2018 172 12  3
2018 172 13  3
2018 172 14  3
2018 172 15  7
2018 172 16  7
2018 172 17  7
2018 172 18  3
2018 172 19  3
2018 172 20  3
2018 172 21  3
2018 172 22  3
2018 172 23  3
2018 173  0  3
2018 173  1  3
2018 173  2  3
2018 173  3 10
2018 173  4 10
2018 173  5 10
2018 173  6 10
2018 173  7 10
2018 173  8 10
2018 173  9  3
2018 173 10  3
2018 173 11  3
2018 173 12  3
2018 173 13  3
2018 173 14  3
2018 173 15 10
2018 173 16 10
2018 173 17 10
2018 173 18 13
2018 173 19 13
2018 173 20 13
2018 173 21  7
2018 173 22  7
2018 173 23  7
2018 174  0 23
2018 174  1 23
2018 174  2 23
2018 174  3 33
2018 174  4 33
2018 174  5 33
2018 174  6 17
2018 174  7 17
2018 174  8 17
2018 174  9 40
2018 174 10 40
2018 174 11 40
2018 174 12 40
2018 174 13 40
2018 174 14 40
2018 174 15 30
2018 174 16 30
2018 174 17 30
2018 174 18 33
2018 174 19 33
2018 174 20 33
2018 174 21 37
2018 174 22 37
2018 174 23 37
2018 175  0 27
2018 175  1 27
2018 175  2 27
2018 175  3 17
2018 175  4 17
2018 175  5 17
2018 175  6 23
2018 175  7 23
2018 175  8 23
2018 175  9 17
2018 175 10 17
2018 175 11 17
2018 175 12 20
2018 175 13 20
2018 175 14 20
2018 175 15  7
2018 175 16  7
2018 175 17  7
2018 175 18 13
2018 175 19 13
2018 175 20 13
2018 175 21 10
2018 175 22 10
2018 175 23 10
2018 176  0 10
2018 176  1 10
2018 176  2 10
2018 176  3  7
2018 176  4  7
2018 176  5  7
2018 176  6  7
2018 176  7  7
2018 176  8  7
2018 176  9 17
2018 176 10 17
2018 176 11 17
2018 176 12 27
2018 176 13 27
2018 176 14 27
2018 176 15 20
2018 176 16 20
2018 176 17 20
2018 176 18 30
2018 176 19 30
2018 176 20 30
2018 176 21 50
2018 176 22 50
2018 176 23 50
2018 177  0 47
2018 177  1 47
2018 177  2 47
2018 177  3 37
2018 177  4 37
2018 177  5 37
2018 177  6 27
2018 177  7 27
2018 177  8 27
2018 177  9 37
2018 177 10 37
2018 177 11 37
2018 177 12 37
2018 177 13 37
2018 177 14 37
2018 177 15 30
2018 177 16 30
2018 177 17 30
2018 177 18 33
2018 177 19 33
2018 177 20 33
2018 177 21 20
2018 177 22 20
2018 177 23 20
2018 178  0 10
2018 178  1 10
2018 178  2 10
2018 178  3 23
2018 178  4 23
2018 178  5 23
2018 178  6 13
2018 178  7 13
2018 178  8 13
2018 178  9 13
2018 178 10 13
2018 178 11 13
2018 178 12 20
2018 178 13 20
2018 178 14 20
2018 178 15 13
2018 178 16 13
2018 178 17 13
2018 178 18 13
2018 178 19 13
2018 178 20 13
2018 178 21 27
2018 178 22 27
2018 178 23 27
2018 179  0 17
2018 179  1 17
2018 179  2 17
2018 179  3  7
2018 179  4  7
2018 179  5  7
2018 179  6  3
2018 179  7  3
2018 179  8  3
2018 179  9 13
2018 179 10 13
2018 179 11 13
2018 179 12 17
2018 179 13 17
2018 179 14 17
2018 179 15 13
2018 179 16 13
2018 179 17 13
2018 179 18 17
2018 179 19 17
2018 179 20 17
2018 179 21 10
2018 179 22 10
2018 179 23 10
2018 180  0  7
2018 180  1  7
2018 180  2  7
2018 180  3 13
2018 180  4 13
2018 180  5 13
2018 180  6  7
2018 180  7  7
2018 180  8  7
2018 180  9  7
2018 180 10  7
2018 180 11  7
2018 180 12 10
2018 180 13 10
2018 180 14 10
2018 180 15 10
2018 180 16 10
2018 180 17 10
2018 180 18  3
2018 180 19  3
2018 180 20  3
2018 180 21  0
2018 180 22  0
2018 180 23  0
2018 181  0  3
2018 181  1  3
2018 181  2  3
2018 181  3  3
2018 181  4  3
2018 181  5  3
2018 181  6 10
2018 181  7 10
2018 181  8 10
2018 181  9 10
2018 181 10 10
2018 181 11 10
2018 181 12 10
2018 181 13 10
2018 181 14 10
2018 181 15 10
2018 181 16 10
2018 181 17 10
2018 181 18  7
2018 181 19  7
2018 181 20  7
2018 181 21 10
2018 181 22 10
2018 181 23 10
2018 182  0  3
2018 182  1  3
2018 182  2  3
2018 182  3  7
2018 182  4  7
2018 182  5  7
2018 182  6  3
2018 182  7  3
2018 182  8  3
2018 182  9  3
2018 182 10  3
2018 182 11  3
2018 182 12  3
2018 182 13  3
2018 182 14  3
2018 182 15  3
2018 182 16  3
2018 182 17  3
2018 182 18  3
2018 182 19  3
2018 182 20  3
2018 182 21  0
2018 182 22  0
2018 182 23  0
2018 183  0  0
2018 183  1  0
2018 183  2  0
2018 183  3  7
2018 183  4  7
2018 183  5  7
2018 183  6  3
2018 183  7  3
2018 183  8  3
2018 183  9  3
2018 183 10  3
2018 183 11  3
2018 183 12 10
2018 183 13 10
2018 183 14 10
2018 183 15  3
2018 183 16  3
2018 183 17  3
2018 183 18  3
2018 183 19  3
2018 183 20  3
2018 183 21  0
2018 183 22  0
2018 183 23  0
2018 184  0  0
2018 184  1  0
2018 184  2  0
2018 184  3  0
2018 184  4  0
2018 184  5  0
2018 184  6  0
2018 184  7  0
2018 184  8  0
2018 184  9  3
2018 184 10  3
2018 184 11  3
2018 184 12 17
2018 184 13 17
2018 184 14 17
2018 184 15 17
2018 184 16 17
2018 184 17 17
2018 184 18  7
2018 184 19  7
2018 184 20  7
2018 184 21  7
2018 184 22  7
2018 184 23  7
2018 185  0  7
2018 185  1  7
2018 185  2  7
2018 185  3 10
2018 185  4 10
2018 185  5 10
2018 185  6 13
2018 185  7 13
2018 185  8 13
2018 185  9  7
2018 185 10  7
2018 185 11  7
2018 185 12 10
2018 185 13 10
2018 185 14 10
2018 185 15 10
2018 185 16 10
2018 185 17 10
2018 185 18  7
2018 185 19  7
2018 185 20  7
2018 185 21  7
2018 185 22  7
2018 185 23  7
2018 186  0 23
2018 186  1 23
2018 186  2 23
2018 186  3 10
2018 186  4 10
2018 186  5 10
2018 186  6  3
2018 186  7  3
2018 186  8  3
2018 186  9 20
2018 186 10 20
2018 186 11 20
2018 186 12 37
2018 186 13 37
2018 186 14 37
2018 186 15 43
2018 186 16 43
2018 186 17 43
2018 186 18 47
2018 186 19 47
2018 186 20 47
2018 186 21 37
2018 186 22 37
2018 186 23 37
2018 187  0 37
2018 187  1 37
2018 187  2 37
2018 187  3 20
2018 187  4 20
2018 187  5 20
2018 187  6 10
2018 187  7 10
2018 187  8 10
2018 187  9 20
2018 187 10 20
2018 187 11 20
2018 187 12 10
2018 187 13 10
2018 187 14 10
2018 187 15 10
2018 187 16 10
2018 187 17 10
2018 187 18  7
2018 187 19  7
2018 187 20  7
2018 187 21 20
2018 187 22 20
2018 187 23 20
2018 188  0 20
2018 188  1 20
2018 188  2 20
2018 188  3 17
2018 188  4 17
2018 188  5 17
2018 188  6 10
2018 188  7 10
2018 188  8 10
2018 188  9 10
2018 188 10 10
2018 188 11 10
2018 188 12  7
2018 188 13  7
2018 188 14  7
2018 188 15 13
2018 188 16 13
2018 188 17 13
2018 188 18 17
2018 188 19 17
2018 188 20 17
2018 188 21 10
2018 188 22 10
2018 188 23 10
2018 189  0 10
2018 189  1 10
2018 189  2 10
2018 189  3  7
2018 189  4  7
2018 189  5  7
2018 189  6 10
2018 189  7 10
2018 189  8 10
2018 189  9  7
2018 189 10  7
2018 189 11  7
2018 189 12 13
2018 189 13 13
2018 189 14 13
2018 189 15  3
2018 189 16  3
2018 189 17  3
2018 189 18  7
2018 189 19  7
2018 189 20  7
2018 189 21 10
2018 189 22 10
2018 189 23 10
2018 190  0  3
2018 190  1  3
2018 190  2  3
2018 190  3  7
2018 190  4  7
2018 190  5  7
2018 190  6  3
2018 190  7  3
2018 190  8  3
2018 190  9  3
2018 190 10  3
2018 190 11  3
2018 190 12  3
2018 190 13  3
2018 190 14  3
2018 190 15  3
2018 190 16  3
2018 190 17  3
2018 190 18  0
2018 190 19  0
2018 190 20  0
2018 190 21  3
2018 190 22  3
2018 190 23  3
2018 191  0 20
2018 191  1 20
2018 191  2 20
2018 191  3 23
2018 191  4 23
2018 191  5 23
2018 191  6 17
2018 191  7 17
2018 191  8 17
2018 191  9 13
2018 191 10 13
2018 191 11 13
2018 191 12 23
2018 191 13 23
2018 191 14 23
2018 191 15 17
2018 191 16 17
2018 191 17 17
2018 191 18 13
2018 191 19 13
2018 191 20 13
2018 191 21  3
2018 191 22  3
2018 191 23  3
2018 192  0  3
2018 192  1  3
2018 192  2  3
2018 192  3 13
2018 192  4 13
2018 192  5 13
2018 192  6 23
2018 192  7 23
2018 192  8 23
2018 192  9 23
2018 192 10 23
2018 192 11 23
2018 192 12 27
2018 192 13 27
2018 192 14 27
2018 192 15 17
2018 192 16 17
2018 192 17 17
2018 192 18 23
2018 192 19 23
2018 192 20 23
2018 192 21 20
2018 192 22 20
2018 192 23 20
