Year  DOY  Hour  Kp  F10.7
2010 244  0  0  77.7
2010 244  1  0  77.7
2010 244  2  0  77.7
2010 244  3 10  77.7
2010 244  4 10  77.7
2010 244  5 10  77.7
2010 244  6  3  77.7
2010 244  7  3  77.7
2010 244  8  3  77.7
2010 244  9  3  77.7
2010 244 10  3  77.7
2010 244 11  3  77.7
2010 244 12  7  77.7
2010 244 13  7  77.7
2010 244 14  7  77.7
2010 244 15 13  77.7
2010 244 16 13  77.7
2010 244 17 13  77.7
2010 244 18 23  77.7
2010 244 19 23  77.7
2010 244 20 23  77.7
2010 244 21 23  77.7
2010 244 22 23  77.7
2010 244 23 23  77.7
2010 245  0 20  78.4
2010 245  1 20  78.4
2010 245  2 20  78.4
2010 245  3 17  78.4
2010 245  4 17  78.4
2010 245  5 17  78.4
2010 245  6 20  78.4
2010 245  7 20  78.4
2010 245  8 20  78.4
2010 245  9 20  78.4
2010 245 10 20  78.4
2010 245 11 20  78.4
2010 245 12 10  78.4
2010 245 13 10  78.4
2010 245 14 10  78.4
2010 245 15 23  78.4
2010 245 16 23  78.4
2010 245 17 23  78.4
2010 245 18 10  78.4
2010 245 19 10  78.4
2010 245 20 10  78.4
2010 245 21  7  78.4
2010 245 22  7  78.4
2010 245 23  7  78.4
2010 246  0 13  78.5
2010 246  1 13  78.5
2010 246  2 13  78.5
2010 246  3  3  78.5
2010 246  4  3  78.5
2010 246  5  3  78.5
2010 246  6  0  78.5
2010 246  7  0  78.5
2010 246  8  0  78.5
2010 246  9  7  78.5
2010 246 10  7  78.5
2010 246 11  7  78.5
2010 246 12  3  78.5
2010 246 13  3  78.5
2010 246 14  3  78.5
2010 246 15  0  78.5
2010 246 16  0  78.5
2010 246 17  0  78.5
2010 246 18  7  78.5
2010 246 19  7  78.5
2010 246 20  7  78.5
2010 246 21  0  78.5
2010 246 22  0  78.5
2010 246 23  0  78.5
2010 247  0  0  83.6
2010 247  1  0  83.6
2010 247  2  0  83.6
2010 247  3  3  83.6
2010 247  4  3  83.6
2010 247  5  3  83.6
2010 247  6  0  83.6
2010 247  7  0  83.6
2010 247  8  0  83.6
2010 247  9  0  83.6
2010 247 10  0  83.6
2010 247 11  0  83.6
2010 247 12  3  83.6
2010 247 13  3  83.6
2010 247 14  3  83.6
2010 247 15  3  83.6
2010 247 16  3  83.6
2010 247 17  3  83.6
2010 247 18  3  83.6
2010 247 19  3  83.6
2010 247 20  3  83.6
2010 247 21 10  83.6
2010 247 22 10  83.6
2010 247 23 10  83.6
2010 248  0  0  83.5
2010 248  1  0  83.5
2010 248  2  0  83.5
2010 248  3  3  83.5
2010 248  4  3  83.5
2010 248  5  3  83.5
2010 248  6  3  83.5
2010 248  7  3  83.5
2010 248  8  3  83.5
2010 248  9  7  83.5
2010 248 10  7  83.5
2010 248 11  7  83.5
2010 248 12  0  83.5
2010 248 13  0  83.5
2010 248 14  0  83.5
2010 248 15  7  83.5
2010 248 16  7  83.5
2010 248 17  7  83.5
2010 248 18 10  83.5
2010 248 19 10  83.5
2010 248 20 10  83.5
2010 248 21 30  83.5
2010 248 22 30  83.5
2010 248 23 30  83.5
2010 249  0 27  81.0
2010 249  1 27  81.0
2010 249  2 27  81.0
2010 249  3 30  81.0
2010 249  4 30  81.0
2010 249  5 30  81.0
2010 249  6 17  81.0
2010 249  7 17  81.0
2010 249  8 17  81.0
2010 249  9 13  81.0
2010 249 10 13  81.0
2010 249 11 13  81.0
2010 249 12 13  81.0
2010 249 13 13  81.0
2010 249 14 13  81.0
2010 249 15 17  81.0
2010 249 16 17  81.0
2010 249 17 17  81.0
2010 249 18 17  81.0
2010 249 19 17  81.0
2010 249 20 17  81.0
2010 249 21 23  81.0
2010 249 22 23  81.0
2010 249 23 23  81.0
2010 250  0 27  77.3
2010 250  1 27  77.3
2010 250  2 27  77.3
2010 250  3 30  77.3
2010 250  4 30  77.3
2010 250  5 30  77.3
2010 250  6 10  77.3
2010 250  7 10  77.3
2010 250  8 10  77.3
2010 250  9 27  77.3
2010 250 10 27  77.3
2010 250 11 27  77.3
2010 250 12 27  77.3
2010 250 13 27  77.3
2010 250 14 27  77.3
2010 250 15 27  77.3
2010 250 16 27  77.3
2010 250 17 27  77.3
2010 250 18 20  77.3
2010 250 19 20  77.3
2010 250 20 20  77.3
2010 250 21 23  77.3
2010 250 22 23  77.3
2010 250 23 23  77.3
2010 251  0 23  75.6
2010 251  1 23  75.6
2010 251  2 23  75.6
2010 251  3 23  75.6
2010 251  4 23  75.6
2010 251  5 23  75.6
2010 251  6 10  75.6
2010 251  7 10  75.6
2010 251  8 10  75.6
2010 251  9 17  75.6
2010 251 10 17  75.6
2010 251 11 17  75.6
2010 251 12 37  75.6
2010 251 13 37  75.6
2010 251 14 37  75.6
2010 251 15 37  75.6
2010 251 16 37  75.6
2010 251 17 37  75.6
2010 251 18 23  75.6
2010 251 19 23  75.6
2010 251 20 23  75.6
2010 251 21 20  75.6
2010 251 22 20  75.6
2010 251 23 20  75.6
2010 252  0 10  74.7
2010 252  1 10  74.7
2010 252  2 10  74.7
2010 252  3  0  74.7
2010 252  4  0  74.7
2010 252  5  0  74.7
2010 252  6  0  74.7
2010 252  7  0  74.7
2010 252  8  0  74.7
2010 252  9 13  74.7
2010 252 10 13  74.7
2010 252 11 13  74.7
2010 252 12 23  74.7
2010 252 13 23  74.7
2010 252 14 23  74.7
2010 252 15 30  74.7
2010 252 16 30  74.7
2010 252 17 30  74.7
2010 252 18  7  74.7
2010 252 19  7  74.7
2010 252 20  7  74.7
2010 252 21 13  74.7
2010 252 22 13  74.7
2010 252 23 13  74.7
2010 253  0 10  76.4
2010 253  1 10  76.4
2010 253  2 10  76.4
2010 253  3 10  76.4
2010 253  4 10  76.4
2010 253  5 10  76.4
2010 253  6  7  76.4
2010 253  7  7  76.4
2010 253  8  7  76.4
2010 253  9  3  76.4
2010 253 10  3  76.4
2010 253 11  3  76.4
2010 253 12  3  76.4
2010 253 13  3  76.4
2010 253 14  3  76.4
2010 253 15  3  76.4
2010 253 16  3  76.4
2010 253 17  3  76.4
2010 253 18  0  76.4
2010 253 19  0  76.4
2010 253 20  0  76.4
2010 253 21  0  76.4
2010 253 22  0  76.4
2010 253 23  0  76.4
2010 254  0  0  79.1
2010 254  1  0  79.1
2010 254  2  0  79.1
2010 254  3  0  79.1
2010 254  4  0  79.1
2010 254  5  0  79.1
2010 254  6  3  79.1
2010 254  7  3  79.1
2010 254  8  3  79.1
2010 254  9  3  79.1
2010 254 10  3  79.1
2010 254 11  3  79.1
2010 254 12  3  79.1
2010 254 13  3  79.1
2010 254 14  3  79.1
2010 254 15  0  79.1
2010 254 16  0  79.1
2010 254 17  0  79.1
2010 254 18  0  79.1
2010 254 19  0  79.1
2010 254 20  0  79.1
2010 254 21  0  79.1
2010 254 22  0  79.1
2010 254 23  0  79.1
2010 255  0  0  79.3
2010 255  1  0  79.3
2010 255  2  0  79.3
2010 255  3  0  79.3
2010 255  4  0  79.3
2010 255  5  0  79.3
2010 255  6  7  79.3
2010 255  7  7  79.3
2010 255  8  7  79.3
2010 255  9  3  79.3
2010 255 10  3  79.3
2010 255 11  3  79.3
2010 255 12  3  79.3
2010 255 13  3  79.3
2010 255 14  3  79.3
2010 255 15  3  79.3
2010 255 16  3  79.3
2010 255 17  3  79.3
2010 255 18  3  79.3
2010 255 19  3  79.3
2010 255 20  3  79.3
2010 255 21  0  79.3
2010 255 22  0  79.3
2010 255 23  0  79.3
2010 256  0  3  80.4
2010 256  1  3  80.4
2010 256  2  3  80.4
2010 256  3  0  80.4
2010 256  4  0  80.4
2010 256  5  0  80.4
2010 256  6  0  80.4
2010 256  7  0  80.4
2010 256  8  0  80.4
2010 256  9  3  80.4
2010 256 10  3  80.4
2010 256 11  3  80.4
2010 256 12  7  80.4
2010 256 13  7  80.4
2010 256 14  7  80.4
2010 256 15 17  80.4
2010 256 16 17  80.4
2010 256 17 17  80.4
2010 256 18  7  80.4
2010 256 19  7  80.4
2010 256 20  7  80.4
2010 256 21  0  80.4
2010 256 22  0  80.4
2010 256 23  0  80.4
2010 257  0  7  81.6
2010 257  1  7  81.6
2010 257  2  7  81.6
2010 257  3 17  81.6
2010 257  4 17  81.6
2010 257  5 17  81.6
2010 257  6 30  81.6
2010 257  7 30  81.6
2010 257  8 30  81.6
2010 257  9 20  81.6
2010 257 10 20  81.6
2010 257 11 20  81.6
2010 257 12 13  81.6
2010 257 13 13  81.6
2010 257 14 13  81.6
2010 257 15 23  81.6
2010 257 16 23  81.6
2010 257 17 23  81.6
2010 257 18 23  81.6
2010 257 19 23  81.6
2010 257 20 23  81.6
2010 257 21 27  81.6
2010 257 22 27  81.6
2010 257 23 27  81.6
2010 258  0 37  82.1
2010 258  1 37  82.1
2010 258  2 37  82.1
2010 258  3 13  82.1
2010 258  4 13  82.1
2010 258  5 13  82.1
2010 258  6 13  82.1
2010 258  7 13  82.1
2010 258  8 13  82.1
2010 258  9 23  82.1
2010 258 10 23  82.1
2010 258 11 23  82.1
2010 258 12  7  82.1
2010 258 13  7  82.1
2010 258 14  7  82.1
2010 258 15  3  82.1
2010 258 16  3  82.1
2010 258 17  3  82.1
2010 258 18  3  82.1
2010 258 19  3  82.1
2010 258 20  3  82.1
2010 258 21 10  82.1
2010 258 22 10  82.1
2010 258 23 10  82.1
2010 259  0  7  83.3
2010 259  1  7  83.3
2010 259  2  7  83.3
2010 259  3  3  83.3
2010 259  4  3  83.3
2010 259  5  3  83.3
2010 259  6  3  83.3
2010 259  7  3  83.3
2010 259  8  3  83.3
2010 259  9  3  83.3
2010 259 10  3  83.3
2010 259 11  3  83.3
2010 259 12 17  83.3
2010 259 13 17  83.3
2010 259 14 17  83.3
2010 259 15 23  83.3
2010 259 16 23  83.3
2010 259 17 23  83.3
2010 259 18 37  83.3
2010 259 19 37  83.3
2010 259 20 37  83.3
2010 259 21 17  83.3
2010 259 22 17  83.3
2010 259 23 17  83.3
2010 260  0 20  83.0
2010 260  1 20  83.0
2010 260  2 20  83.0
2010 260  3 30  83.0
2010 260  4 30  83.0
2010 260  5 30  83.0
2010 260  6 27  83.0
2010 260  7 27  83.0
2010 260  8 27  83.0
2010 260  9 23  83.0
2010 260 10 23  83.0
2010 260 11 23  83.0
2010 260 12 17  83.0
2010 260 13 17  83.0
2010 260 14 17  83.0
2010 260 15 17  83.0
2010 260 16 17  83.0
2010 260 17 17  83.0
2010 260 18 13  83.0
2010 260 19 13  83.0
2010 260 20 13  83.0
2010 260 21 10  83.0
2010 260 22 10  83.0
2010 260 23 10  83.0
2010 261  0 27  82.9
2010 261  1 27  82.9
2010 261  2 27  82.9
2010 261  3 10  82.9
2010 261  4 10  82.9
2010 261  5 10  82.9
2010 261  6 10  82.9
2010 261  7 10  82.9
2010 261  8 10  82.9
2010 261  9 10  82.9
2010 261 10 10  82.9
2010 261 11 10  82.9
2010 261 12  3  82.9
2010 261 13  3  82.9
2010 261 14  3  82.9
2010 261 15 10  82.9
2010 261 16 10  82.9
2010 261 17 10  82.9
2010 261 18  7  82.9
2010 261 19  7  82.9
2010 261 20  7  82.9
2010 261 21  7  82.9
2010 261 22  7  82.9
2010 261 23  7  82.9
2010 262  0 10  81.9
2010 262  1 10  81.9
2010 262  2 10  81.9
2010 262  3 13  81.9
2010 262  4 13  81.9
2010 262  5 13  81.9
2010 262  6  7  81.9
2010 262  7  7  81.9
2010 262  8  7  81.9
2010 262  9  7  81.9
2010 262 10  7  81.9
2010 262 11  7  81.9
2010 262 12  7  81.9
2010 262 13  7  81.9
2010 262 14  7  81.9
2010 262 15  7  81.9
2010 262 16  7  81.9
2010 262 17  7  81.9
2010 262 18  7  81.9
2010 262 19  7  81.9
2010 262 20  7  81.9
2010 262 21  7  81.9
2010 262 22  7  81.9
2010 262 23  7  81.9
2010 263  0  7  83.3
2010 263  1  7  83.3
2010 263  2  7  83.3
2010 263  3 17  83.3
2010 263  4 17  83.3
2010 263  5 17  83.3
2010 263  6  3  83.3
2010 263  7  3  83.3
2010 263  8  3  83.3
2010 263  9  7  83.3
2010 263 10  7  83.3
2010 263 11  7  83.3
2010 263 12  7  83.3
2010 263 13  7  83.3
2010 263 14  7  83.3
2010 263 15  7  83.3
2010 263 16  7  83.3
2010 263 17  7  83.3
2010 263 18 20  83.3
2010 263 19 20  83.3
2010 263 20 20  83.3
2010 263 21  3  83.3
2010 263 22  3  83.3
2010 263 23  3  83.3
2010 264  0 17  85.2
2010 264  1 17  85.2
2010 264  2 17  85.2
2010 264  3 27  85.2
2010 264  4 27  85.2
2010 264  5 27  85.2
2010 264  6 20  85.2
2010 264  7 20  85.2
2010 264  8 20  85.2
2010 264  9 10  85.2
2010 264 10 10  85.2
2010 264 11 10  85.2
2010 264 12  3  85.2
2010 264 13  3  85.2
2010 264 14  3  85.2
2010 264 15  0  85.2
2010 264 16  0  85.2
2010 264 17  0  85.2
2010 264 18  0  85.2
2010 264 19  0  85.2
2010 264 20  0  85.2
2010 264 21  7  85.2
2010 264 22  7  85.2
2010 264 23  7  85.2
2010 265  0 13  85.4
2010 265  1 13  85.4
2010 265  2 13  85.4
2010 265  3  3  85.4
2010 265  4  3  85.4
2010 265  5  3  85.4
2010 265  6  0  85.4
2010 265  7  0  85.4
2010 265  8  0  85.4
2010 265  9  0  85.4
2010 265 10  0  85.4
2010 265 11  0  85.4
2010 265 12  3  85.4
2010 265 13  3  85.4
2010 265 14  3  85.4
2010 265 15  3  85.4
2010 265 16  3  85.4
2010 265 17  3  85.4
2010 265 18  3  85.4
2010 265 19  3  85.4
2010 265 20  3  85.4
2010 265 21  7  85.4
2010 265 22  7  85.4
2010 265 23  7  85.4
2010 266  0 10  84.9
2010 266  1 10  84.9
2010 266  2 10  84.9
2010 266  3 13  84.9
2010 266  4 13  84.9
2010 266  5 13  84.9
2010 266  6 20  84.9
2010 266  7 20  84.9
2010 266  8 20  84.9
2010 266  9 17  84.9
2010 266 10 17  84.9
2010 266 11 17  84.9
2010 266 12 23  84.9
2010 266 13 23  84.9
2010 266 14 23  84.9
2010 266 15 13  84.9
2010 266 16 13  84.9
2010 266 17 13  84.9
2010 266 18 17  84.9
2010 266 19 17  84.9
2010 266 20 17  84.9
2010 266 21 13  84.9
2010 266 22 13  84.9
2010 266 23 13  84.9
2010 267  0 23  83.1
2010 267  1 23  83.1
2010 267  2 23  83.1
2010 267  3 27  83.1
2010 267  4 27  83.1
2010 267  5 27  83.1
2010 267  6 33  83.1
2010 267  7 33  83.1
2010 267  8 33  83.1
2010 267  9 20  83.1
2010 267 10 20  83.1
2010 267 11 20  83.1
2010 267 12 27  83.1
2010 267 13 27  83.1
2010 267 14 27  83.1
2010 267 15 40  83.1
2010 267 16 40  83.1
2010 267 17 40  83.1
2010 267 18 27  83.1
2010 267 19 27  83.1
2010 267 20 27  83.1
2010 267 21 37  83.1
2010 267 22 37  83.1
2010 267 23 37  83.1
2010 268  0 33  83.4
2010 268  1 33  83.4
2010 268  2 33  83.4
2010 268  3 30  83.4
2010 268  4 30  83.4
2010 268  5 30  83.4
2010 268  6 20  83.4
2010 268  7 20  83.4
2010 268  8 20  83.4
2010 268  9 13  83.4
2010 268 10 13  83.4
2010 268 11 13  83.4
2010 268 12 13  83.4
2010 268 13 13  83.4
2010 268 14 13  83.4
2010 268 15 13  83.4
2010 268 16 13  83.4
2010 268 17 13  83.4
2010 268 18  7  83.4
2010 268 19  7  83.4
2010 268 20  7  83.4
2010 268 21  7  83.4
2010 268 22  7  83.4
2010 268 23  7  83.4
2010 269  0 10  84.3
2010 269  1 10  84.3
2010 269  2 10  84.3
2010 269  3  3  84.3
2010 269  4  3  84.3
2010 269  5  3  84.3
2010 269  6 10  84.3
2010 269  7 10  84.3
2010 269  8 10  84.3
2010 269  9 10  84.3
2010 269 10 10  84.3
2010 269 11 10  84.3
2010 269 12 27  84.3
2010 269 13 27  84.3
2010 269 14 27  84.3
2010 269 15 27  84.3
2010 269 16 27  84.3
2010 269 17 27  84.3
2010 269 18 23  84.3
2010 269 19 23  84.3
2010 269 20 23  84.3
2010 269 21 20  84.3
2010 269 22 20  84.3
2010 269 23 20  84.3
2010 270  0 13  83.4
2010 270  1 13  83.4
2010 270  2 13  83.4
2010 270  3  0  83.4
2010 270  4  0  83.4
2010 270  5  0  83.4
2010 270  6  7  83.4
2010 270  7  7  83.4
2010 270  8  7  83.4
2010 270  9  3  83.4
2010 270 10  3  83.4
2010 270 11  3  83.4
2010 270 12 17  83.4
2010 270 13 17  83.4
2010 270 14 17  83.4
2010 270 15 27  83.4
2010 270 16 27  83.4
2010 270 17 27  83.4
2010 270 18 27  83.4
2010 270 19 27  83.4
2010 270 20 27  83.4
2010 270 21 27  83.4
2010 270 22 27  83.4
2010 270 23 27  83.4
2010 271  0 20  83.5
2010 271  1 20  83.5
2010 271  2 20  83.5
2010 271  3 13  83.5
2010 271  4 13  83.5
2010 271  5 13  83.5
2010 271  6 43  83.5
2010 271  7 43  83.5
2010 271  8 43  83.5
2010 271  9 33  83.5
2010 271 10 33  83.5
2010 271 11 33  83.5
2010 271 12 27  83.5
2010 271 13 27  83.5
2010 271 14 27  83.5
2010 271 15 20  83.5
2010 271 16 20  83.5
2010 271 17 20  83.5
2010 271 18 17  83.5
2010 271 19 17  83.5
2010 271 20 17  83.5
2010 271 21  7  83.5
2010 271 22  7  83.5
2010 271 23  7  83.5
2010 272  0 10  91.0
2010 272  1 10  91.0
2010 272  2 10  91.0
2010 272  3 27  91.0
2010 272  4 27  91.0
2010 272  5 27  91.0
2010 272  6  7  91.0
2010 272  7  7  91.0
2010 272  8  7  91.0
2010 272  9  7  91.0
2010 272 10  7  91.0
2010 272 11  7  91.0
2010 272 12 10  91.0
2010 272 13 10  91.0
2010 272 14 10  91.0
2010 272 15  7  91.0
2010 272 16  7  91.0
2010 272 17  7  91.0
2010 272 18  3  91.0
2010 272 19  3  91.0
2010 272 20  3  91.0
2010 272 21  0  91.0
2010 272 22  0  91.0
2010 272 23  0  91.0
2010 273  0  0  90.2
2010 273  1  0  90.2
2010 273  2  0  90.2
2010 273  3  0  90.2
2010 273  4  0  90.2
2010 273  5  0  90.2
2010 273  6  3  90.2
2010 273  7  3  90.2
2010 273  8  3  90.2
2010 273  9  7  90.2
2010 273 10  7  90.2
2010 273 11  7  90.2
2010 273 12  3  90.2
2010 273 13  3  90.2
2010 273 14  3  90.2
2010 273 15  3  90.2
2010 273 16  3  90.2
2010 273 17  3  90.2
2010 273 18  3  90.2
2010 273 19  3  90.2
2010 273 20  3  90.2
2010 273 21  7  90.2
2010 273 22  7  90.2
2010 273 23  7  90.2
2010 274  0  7  86.9
2010 274  1  7  86.9
2010 274  2  7  86.9
2010 274  3  7  86.9
2010 274  4  7  86.9
2010 274  5  7  86.9
2010 274  6  0  86.9
2010 274  7  0  86.9
2010 274  8  0  86.9
2010 274  9  3  86.9
2010 274 10  3  86.9
2010 274 11  3  86.9
2010 274 12  3  86.9
2010 274 13  3  86.9
2010 274 14  3  86.9
2010 274 15  0  86.9
2010 274 16  0  86.9
2010 274 17  0  86.9
2010 274 18  0  86.9
2010 274 19  0  86.9
2010 274 20  0  86.9
2010 274 21  3  86.9
2010 274 22  3  86.9
2010 274 23  3  86.9
2010 275  0  0  85.1
2010 275  1  0  85.1
2010 275  2  0  85.1
2010 275  3  0  85.1
2010 275  4  0  85.1
2010 275  5  0  85.1
2010 275  6  0  85.1
2010 275  7  0  85.1
2010 275  8  0  85.1
2010 275  9  0  85.1
2010 275 10  0  85.1
2010 275 11  0  85.1
2010 275 12  0  85.1
2010 275 13  0  85.1
2010 275 14  0  85.1
2010 275 15  0  85.1
2010 275 16  0  85.1
2010 275 17  0  85.1
2010 275 18  0  85.1
2010 275 19  0  85.1
2010 275 20  0  85.1
2010 275 21  0  85.1
2010 275 22  0  85.1
2010 275 23  0  85.1
2010 276  0  7  80.1
2010 276  1  7  80.1
2010 276  2  7  80.1
2010 276  3 10  80.1
2010 276  4 10  80.1
2010 276  5 10  80.1
2010 276  6  0  80.1
2010 276  7  0  80.1
2010 276  8  0  80.1
2010 276  9  7  80.1
2010 276 10  7  80.1
2010 276 11  7  80.1
2010 276 12  0  80.1
2010 276 13  0  80.1
2010 276 14  0  80.1
2010 276 15  0  80.1
2010 276 16  0  80.1
2010 276 17  0  80.1
2010 276 18  3  80.1
2010 276 19  3  80.1
2010 276 20  3  80.1
2010 276 21  0  80.1
2010 276 22  0  80.1
2010 276 23  0  80.1
2010 277  0  0  76.1
2010 277  1  0  76.1
2010 277  2  0  76.1
2010 277  3  0  76.1
2010 277  4  0  76.1
2010 277  5  0  76.1
2010 277  6  0  76.1
2010 277  7  0  76.1
2010 277  8  0  76.1
2010 277  9  0  76.1
2010 277 10  0  76.1
2010 277 11  0  76.1
2010 277 12  7  76.1
2010 277 13  7  76.1
2010 277 14  7  76.1
2010 277 15  3  76.1
2010 277 16  3  76.1
2010 277 17  3  76.1
2010 277 18  7  76.1
2010 277 19  7  76.1
2010 277 20  7  76.1
2010 277 21 10  76.1
2010 277 22 10  76.1
2010 277 23 10  76.1
2010 278  0 17  75.4
2010 278  1 17  75.4
2010 278  2 17  75.4
2010 278  3 17  75.4
2010 278  4 17  75.4
2010 278  5 17  75.4
2010 278  6 23  75.4
2010 278  7 23  75.4
2010 278  8 23  75.4
2010 278  9 20  75.4
2010 278 10 20  75.4
2010 278 11 20  75.4
2010 278 12 10  75.4
2010 278 13 10  75.4
2010 278 14 10  75.4
2010 278 15 13  75.4
2010 278 16 13  75.4
2010 278 17 13  75.4
2010 278 18  7  75.4
2010 278 19  7  75.4
2010 278 20  7  75.4
2010 278 21  3  75.4
2010 278 22  3  75.4
2010 278 23  3  75.4
2010 279  0 13  74.2
2010 279  1 13  74.2
2010 279  2 13  74.2
2010 279  3  0  74.2
2010 279  4  0  74.2
2010 279  5  0  74.2
2010 279  6 13  74.2
2010 279  7 13  74.2
2010 279  8 13  74.2
2010 279  9 13  74.2
2010 279 10 13  74.2
2010 279 11 13  74.2
2010 279 12 23  74.2
2010 279 13 23  74.2
2010 279 14 23  74.2
2010 279 15 20  74.2
2010 279 16 20  74.2
2010 279 17 20  74.2
2010 279 18 17  74.2
2010 279 19 17  74.2
2010 279 20 17  74.2
2010 279 21  3  74.2
2010 279 22  3  74.2
2010 279 23  3  74.2
2010 280  0  7  75.0
2010 280  1  7  75.0
2010 280  2  7  75.0
2010 280  3 10  75.0
2010 280  4 10  75.0
2010 280  5 10  75.0
2010 280  6  7  75.0
2010 280  7  7  75.0
2010 280  8  7  75.0
2010 280  9  7  75.0
2010 280 10  7  75.0
2010 280 11  7  75.0
2010 280 12 13  75.0
2010 280 13 13  75.0
2010 280 14 13  75.0
2010 280 15  3  75.0
2010 280 16  3  75.0
2010 280 17  3  75.0
2010 280 18  0  75.0
2010 280 19  0  75.0
2010 280 20  0  75.0
2010 280 21 13  75.0
2010 280 22 13  75.0
2010 280 23 13  75.0
2010 281  0 30  74.7
2010 281  1 30  74.7
2010 281  2 30  74.7
2010 281  3 17  74.7
2010 281  4 17  74.7
2010 281  5 17  74.7
2010 281  6  7  74.7
2010 281  7  7  74.7
2010 281  8  7  74.7
2010 281  9 10  74.7
2010 281 10 10  74.7
2010 281 11 10  74.7
2010 281 12  3  74.7
2010 281 13  3  74.7
2010 281 14  3  74.7
2010 281 15  7  74.7
2010 281 16  7  74.7
2010 281 17  7  74.7
2010 281 18  3  74.7
2010 281 19  3  74.7
2010 281 20  3  74.7
2010 281 21 10  74.7
2010 281 22 10  74.7
2010 281 23 10  74.7
2010 282  0 20  76.2
2010 282  1 20  76.2
2010 282  2 20  76.2
2010 282  3 13  76.2
2010 282  4 13  76.2
2010 282  5 13  76.2
2010 282  6 10  76.2
2010 282  7 10  76.2
2010 282  8 10  76.2
2010 282  9 17  76.2
2010 282 10 17  76.2
2010 282 11 17  76.2
2010 282 12  3  76.2
2010 282 13  3  76.2
2010 282 14  3  76.2
2010 282 15 10  76.2
2010 282 16 10  76.2
2010 282 17 10  76.2
2010 282 18  7  76.2
2010 282 19  7  76.2
2010 282 20  7  76.2
2010 282 21  3  76.2
2010 282 22  3  76.2
2010 282 23  3  76.2
2010 283  0  3  75.7
2010 283  1  3  75.7
2010 283  2  3  75.7
2010 283  3  0  75.7
2010 283  4  0  75.7
2010 283  5  0  75.7
2010 283  6  0  75.7
2010 283  7  0  75.7
2010 283  8  0  75.7
2010 283  9  7  75.7
2010 283 10  7  75.7
2010 283 11  7  75.7
2010 283 12 10  75.7
2010 283 13 10  75.7
2010 283 14 10  75.7
2010 283 15  7  75.7
2010 283 16  7  75.7
2010 283 17  7  75.7
2010 283 18 10  75.7
2010 283 19 10  75.7
2010 283 20 10  75.7
2010 283 21 20  75.7
2010 283 22 20  75.7
2010 283 23 20  75.7
2010 284  0  7  75.0
2010 284  1  7  75.0
2010 284  2  7  75.0
2010 284  3 20  75.0
2010 284  4 20  75.0
2010 284  5 20  75.0
2010 284  6 30  75.0
2010 284  7 30  75.0
2010 284  8 30  75.0
2010 284  9 37  75.0
2010 284 10 37  75.0
2010 284 11 37  75.0
2010 284 12 43  75.0
2010 284 13 43  75.0
2010 284 14 43  75.0
2010 284 15 43  75.0
2010 284 16 43  75.0
2010 284 17 43  75.0
2010 284 18 40  75.0
2010 284 19 40  75.0
2010 284 20 40  75.0
2010 284 21 33  75.0
2010 284 22 33  75.0
2010 284 23 33  75.0
2010 285  0 30  74.9
2010 285  1 30  74.9
2010 285  2 30  74.9
2010 285  3 37  74.9
2010 285  4 37  74.9
2010 285  5 37  74.9
2010 285  6 20  74.9
2010 285  7 20  74.9
2010 285  8 20  74.9
2010 285  9 13  74.9
2010 285 10 13  74.9
2010 285 11 13  74.9
2010 285 12 17  74.9
2010 285 13 17  74.9
2010 285 14 17  74.9
2010 285 15 27  74.9
2010 285 16 27  74.9
2010 285 17 27  74.9
2010 285 18 13  74.9
2010 285 19 13  74.9
2010 285 20 13  74.9
2010 285 21 27  74.9
2010 285 22 27  74.9
2010 285 23 27  74.9
2010 286  0 17  77.7
2010 286  1 17  77.7
2010 286  2 17  77.7
2010 286  3 13  77.7
2010 286  4 13  77.7
2010 286  5 13  77.7
2010 286  6 20  77.7
2010 286  7 20  77.7
2010 286  8 20  77.7
2010 286  9  7  77.7
2010 286 10  7  77.7
2010 286 11  7  77.7
2010 286 12  7  77.7
2010 286 13  7  77.7
2010 286 14  7  77.7
2010 286 15 13  77.7
2010 286 16 13  77.7
2010 286 17 13  77.7
2010 286 18  7  77.7
2010 286 19  7  77.7
2010 286 20  7  77.7
2010 286 21  3  77.7
2010 286 22  3  77.7
2010 286 23  3  77.7
2010 287  0  7  79.9
2010 287  1  7  79.9
2010 287  2  7  79.9
2010 287  3  0  79.9
2010 287  4  0  79.9
2010 287  5  0  79.9
2010 287  6  0  79.9
2010 287  7  0  79.9
2010 287  8  0  79.9
2010 287  9  3  79.9
2010 287 10  3  79.9
2010 287 11  3  79.9
2010 287 12  0  79.9
2010 287 13  0  79.9
2010 287 14  0  79.9
2010 287 15  0  79.9
2010 287 16  0  79.9
2010 287 17  0  79.9
2010 287 18  0  79.9
2010 287 19  0  79.9
2010 287 20  0  79.9
2010 287 21  3  79.9
2010 287 22  3  79.9
2010 287 23  3  79.9
2010 288  0  7  81.7
2010 288  1  7  81.7
2010 288  2  7  81.7
2010 288  3  7  81.7
2010 288  4  7  81.7
2010 288  5  7  81.7
2010 288  6  7  81.7
2010 288  7  7  81.7
2010 288  8  7  81.7
2010 288  9 17  81.7
2010 288 10 17  81.7
2010 288 11 17  81.7
2010 288 12 13  81.7
2010 288 13 13  81.7
2010 288 14 13  81.7
2010 288 15 13  81.7
2010 288 16 13  81.7
2010 288 17 13  81.7
2010 288 18 20  81.7
2010 288 19 20  81.7
2010 288 20 20  81.7
2010 288 21 20  81.7
2010 288 22 20  81.7
2010 288 23 20  81.7
2010 289  0 23  86.3
2010 289  1 23  86.3
2010 289  2 23  86.3
2010 289  3 17  86.3
2010 289  4 17  86.3
2010 289  5 17  86.3
2010 289  6  7  86.3
2010 289  7  7  86.3
2010 289  8  7  86.3
2010 289  9  0  86.3
2010 289 10  0  86.3
2010 289 11  0  86.3
2010 289 12 10  86.3
2010 289 13 10  86.3
2010 289 14 10  86.3
2010 289 15 20  86.3
2010 289 16 20  86.3
2010 289 17 20  86.3
2010 289 18 27  86.3
2010 289 19 27  86.3
2010 289 20 27  86.3
2010 289 21 27  86.3
2010 289 22 27  86.3
2010 289 23 27  86.3
2010 290  0 23  83.0
2010 290  1 23  83.0
2010 290  2 23  83.0
2010 290  3 33  83.0
2010 290  4 33  83.0
2010 290  5 33  83.0
2010 290  6 37  83.0
2010 290  7 37  83.0
2010 290  8 37  83.0
2010 290  9 20  83.0
2010 290 10 20  83.0
2010 290 11 20  83.0
2010 290 12 13  83.0
2010 290 13 13  83.0
2010 290 14 13  83.0
2010 290 15  7  83.0
2010 290 16  7  83.0
2010 290 17  7  83.0
2010 290 18 23  83.0
2010 290 19 23  83.0
2010 290 20 23  83.0
2010 290 21 27  83.0
2010 290 22 27  83.0
2010 290 23 27  83.0
2010 291  0 23  89.9
2010 291  1 23  89.9
2010 291  2 23  89.9
2010 291  3  7  89.9
2010 291  4  7  89.9
2010 291  5  7  89.9
2010 291  6  7  89.9
2010 291  7  7  89.9
2010 291  8  7  89.9
2010 291  9 10  89.9
2010 291 10 10  89.9
2010 291 11 10  89.9
2010 291 12  3  89.9
2010 291 13  3  89.9
2010 291 14  3  89.9
2010 291 15  3  89.9
2010 291 16  3  89.9
2010 291 17  3  89.9
2010 291 18 17  89.9
2010 291 19 17  89.9
2010 291 20 17  89.9
2010 291 21 27  89.9
2010 291 22 27  89.9
2010 291 23 27  89.9
2010 292  0 23  85.9
2010 292  1 23  85.9
2010 292  2 23  85.9
2010 292  3 27  85.9
2010 292  4 27  85.9
2010 292  5 27  85.9
2010 292  6 23  85.9
2010 292  7 23  85.9
2010 292  8 23  85.9
2010 292  9 17  85.9
2010 292 10 17  85.9
2010 292 11 17  85.9
2010 292 12 13  85.9
2010 292 13 13  85.9
2010 292 14 13  85.9
2010 292 15  7  85.9
2010 292 16  7  85.9
2010 292 17  7  85.9
2010 292 18  7  85.9
2010 292 19  7  85.9
2010 292 20  7  85.9
2010 292 21 13  85.9
2010 292 22 13  85.9
2010 292 23 13  85.9
2010 293  0 20  83.2
2010 293  1 20  83.2
2010 293  2 20  83.2
2010 293  3 13  83.2
2010 293  4 13  83.2
2010 293  5 13  83.2
2010 293  6  3  83.2
2010 293  7  3  83.2
2010 293  8  3  83.2
2010 293  9 13  83.2
2010 293 10 13  83.2
2010 293 11 13  83.2
2010 293 12 20  83.2
2010 293 13 20  83.2
2010 293 14 20  83.2
2010 293 15  3  83.2
2010 293 16  3  83.2
2010 293 17  3  83.2
2010 293 18 10  83.2
2010 293 19 10  83.2
2010 293 20 10  83.2
2010 293 21 10  83.2
2010 293 22 10  83.2
2010 293 23 10  83.2
2010 294  0 17  82.7
2010 294  1 17  82.7
2010 294  2 17  82.7
2010 294  3  7  82.7
2010 294  4  7  82.7
2010 294  5  7  82.7
2010 294  6  0  82.7
2010 294  7  0  82.7
2010 294  8  0  82.7
2010 294  9  3  82.7
2010 294 10  3  82.7
2010 294 11  3  82.7
2010 294 12 10  82.7
2010 294 13 10  82.7
2010 294 14 10  82.7
2010 294 15 10  82.7
2010 294 16 10  82.7
2010 294 17 10  82.7
2010 294 18  7  82.7
2010 294 19  7  82.7
2010 294 20  7  82.7
2010 294 21  0  82.7
2010 294 22  0  82.7
2010 294 23  0  82.7
2010 295  0  0  81.4
2010 295  1  0  81.4
2010 295  2  0  81.4
2010 295  3  7  81.4
2010 295  4  7  81.4
2010 295  5  7  81.4
2010 295  6 13  81.4
2010 295  7 13  81.4
2010 295  8 13  81.4
2010 295  9 10  81.4
2010 295 10 10  81.4
2010 295 11 10  81.4
2010 295 12 10  81.4
2010 295 13 10  81.4
2010 295 14 10  81.4
2010 295 15 13  81.4
2010 295 16 13  81.4
2010 295 17 13  81.4
2010 295 18 23  81.4
2010 295 19 23  81.4
2010 295 20 23  81.4
2010 295 21 30  81.4
2010 295 22 30  81.4
2010 295 23 30  81.4
2010 296  0 37  83.4
2010 296  1 37  83.4
2010 296  2 37  83.4
2010 296  3 27  83.4
2010 296  4 27  83.4
2010 296  5 27  83.4
2010 296  6 37  83.4
2010 296  7 37  83.4
2010 296  8 37  83.4
2010 296  9 43  83.4
2010 296 10 43  83.4
2010 296 11 43  83.4
2010 296 12 50  83.4
2010 296 13 50  83.4
2010 296 14 50  83.4
2010 296 15 37  83.4
2010 296 16 37  83.4
2010 296 17 37  83.4
2010 296 18 30  83.4
2010 296 19 30  83.4
2010 296 20 30  83.4
2010 296 21 47  83.4
2010 296 22 47  83.4
2010 296 23 47  83.4
2010 297  0 37  81.2
2010 297  1 37  81.2
2010 297  2 37  81.2
2010 297  3 40  81.2
2010 297  4 40  81.2
2010 297  5 40  81.2
2010 297  6 23  81.2
2010 297  7 23  81.2
2010 297  8 23  81.2
2010 297  9 30  81.2
2010 297 10 30  81.2
2010 297 11 30  81.2
2010 297 12 30  81.2
2010 297 13 30  81.2
2010 297 14 30  81.2
2010 297 15 30  81.2
2010 297 16 30  81.2
2010 297 17 30  81.2
2010 297 18 40  81.2
2010 297 19 40  81.2
2010 297 20 40  81.2
2010 297 21 23  81.2
2010 297 22 23  81.2
2010 297 23 23  81.2
2010 298  0 13  85.2
2010 298  1 13  85.2
2010 298  2 13  85.2
2010 298  3 20  85.2
2010 298  4 20  85.2
2010 298  5 20  85.2
2010 298  6 20  85.2
2010 298  7 20  85.2
2010 298  8 20  85.2
2010 298  9 17  85.2
2010 298 10 17  85.2
2010 298 11 17  85.2
2010 298 12 27  85.2
2010 298 13 27  85.2
2010 298 14 27  85.2
2010 298 15 10  85.2
2010 298 16 10  85.2
2010 298 17 10  85.2
2010 298 18 27  85.2
2010 298 19 27  85.2
2010 298 20 27  85.2
2010 298 21 13  85.2
2010 298 22 13  85.2
2010 298 23 13  85.2
2010 299  0 27  85.1
2010 299  1 27  85.1
2010 299  2 27  85.1
2010 299  3 17  85.1
2010 299  4 17  85.1
2010 299  5 17  85.1
2010 299  6 20  85.1
2010 299  7 20  85.1
2010 299  8 20  85.1
2010 299  9 20  85.1
2010 299 10 20  85.1
2010 299 11 20  85.1
2010 299 12 13  85.1
2010 299 13 13  85.1
2010 299 14 13  85.1
2010 299 15 20  85.1
2010 299 16 20  85.1
2010 299 17 20  85.1
2010 299 18 30  85.1
2010 299 19 30  85.1
2010 299 20 30  85.1
2010 299 21 20  85.1
2010 299 22 20  85.1
2010 299 23 20  85.1
2010 300  0  7  86.5
2010 300  1  7  86.5
2010 300  2  7  86.5
2010 300  3 10  86.5
2010 300  4 10  86.5
2010 300  5 10  86.5
2010 300  6 13  86.5
2010 300  7 13  86.5
2010 300  8 13  86.5
2010 300  9  7  86.5
2010 300 10  7  86.5
2010 300 11  7  86.5
2010 300 12 10  86.5
2010 300 13 10  86.5
2010 300 14 10  86.5
2010 300 15  7  86.5
2010 300 16  7  86.5
2010 300 17  7  86.5
2010 300 18 27  86.5
2010 300 19 27  86.5
2010 300 20 27  86.5
2010 300 21 10  86.5
2010 300 22 10  86.5
2010 300 23 10  86.5
2010 301  0  7  85.3
2010 301  1  7  85.3
2010 301  2  7  85.3
2010 301  3  3  85.3
2010 301  4  3  85.3
2010 301  5  3  85.3
2010 301  6  7  85.3
2010 301  7  7  85.3
2010 301  8  7  85.3
2010 301  9 13  85.3
2010 301 10 13  85.3
2010 301 11 13  85.3
2010 301 12 13  85.3
2010 301 13 13  85.3
2010 301 14 13  85.3
2010 301 15 10  85.3
2010 301 16 10  85.3
2010 301 17 10  85.3
2010 301 18 10  85.3
2010 301 19 10  85.3
2010 301 20 10  85.3
2010 301 21  3  85.3
2010 301 22  3  85.3
2010 301 23  3  85.3
2010 302  0 17  84.5
2010 302  1 17  84.5
2010 302  2 17  84.5
2010 302  3 20  84.5
2010 302  4 20  84.5
2010 302  5 20  84.5
2010 302  6  7  84.5
2010 302  7  7  84.5
2010 302  8  7  84.5
2010 302  9  0  84.5
2010 302 10  0  84.5
2010 302 11  0  84.5
2010 302 12 10  84.5
2010 302 13 10  84.5
2010 302 14 10  84.5
2010 302 15 10  84.5
2010 302 16 10  84.5
2010 302 17 10  84.5
2010 302 18  0  84.5
2010 302 19  0  84.5
2010 302 20  0  84.5
2010 302 21  0  84.5
2010 302 22  0  84.5
2010 302 23  0  84.5
2010 303  0  0  83.6
2010 303  1  0  83.6
2010 303  2  0  83.6
2010 303  3  0  83.6
2010 303  4  0  83.6
2010 303  5  0  83.6
2010 303  6  0  83.6
2010 303  7  0  83.6
2010 303  8  0  83.6
2010 303  9 10  83.6
2010 303 10 10  83.6
2010 303 11 10  83.6
2010 303 12  7  83.6
2010 303 13  7  83.6
2010 303 14  7  83.6
2010 303 15 17  83.6
2010 303 16 17  83.6
2010 303 17 17  83.6
2010 303 18  0  83.6
2010 303 19  0  83.6
2010 303 20  0  83.6
2010 303 21  3  83.6
2010 303 22  3  83.6
2010 303 23  3  83.6
2010 304  0  0  80.0
2010 304  1  0  80.0
2010 304  2  0  80.0
2010 304  3 13  80.0
2010 304  4 13  80.0
2010 304  5 13  80.0
2010 304  6  7  80.0
2010 304  7  7  80.0
2010 304  8  7  80.0
2010 304  9 20  80.0
2010 304 10 20  80.0
2010 304 11 20  80.0
2010 304 12 23  80.0
2010 304 13 23  80.0
2010 304 14 23  80.0
2010 304 15  7  80.0
2010 304 16  7  80.0
2010 304 17  7  80.0
2010 304 18  7  80.0
2010 304 19  7  80.0
2010 304 20  7  80.0
2010 304 21 10  80.0
2010 304 22 10  80.0
2010 304 23 10  80.0
