Year  DOY  Hour  Kp  F10.7
2021 244  0 17  85.7
2021 244  1 17  85.7
2021 244  2 17  85.7
2021 244  3 13  85.7
2021 244  4 13  85.7
2021 244  5 13  85.7
2021 244  6 10  85.7
2021 244  7 10  85.7
2021 244  8 10  85.7
2021 244  9 17  85.7
2021 244 10 17  85.7
2021 244 11 17  85.7
2021 244 12 10  85.7
2021 244 13 10  85.7
2021 244 14 10  85.7
2021 244 15  7  85.7
2021 244 16  7  85.7
2021 244 17  7  85.7
2021 244 18  3  85.7
2021 244 19  3  85.7
2021 244 20  3  85.7
2021 244 21 13  85.7
2021 244 22 13  85.7
2021 244 23 13  85.7
2021 245  0  7  87.3
2021 245  1  7  87.3
2021 245  2  7  87.3
2021 245  3  7  87.3
2021 245  4  7  87.3
2021 245  5  7  87.3
2021 245  6  3  87.3
2021 245  7  3  87.3
2021 245  8  3  87.3
2021 245  9 13  87.3
2021 245 10 13  87.3
2021 245 11 13  87.3
2021 245 12 13  87.3
2021 245 13 13  87.3
2021 245 14 13  87.3
2021 245 15  7  87.3
2021 245 16  7  87.3
2021 245 17  7  87.3
2021 245 18 13  87.3
2021 245 19 13  87.3
2021 245 20 13  87.3
2021 245 21  0  87.3
2021 245 22  0  87.3
2021 245 23  0  87.3
2021 246  0 10  85.3
2021 246  1 10  85.3
2021 246  2 10  85.3
2021 246  3 13  85.3
2021 246  4 13  85.3
2021 246  5 13  85.3
2021 246  6 13  85.3
2021 246  7 13  85.3
2021 246  8 13  85.3
2021 246  9 23  85.3
2021 246 10 23  85.3
2021 246 11 23  85.3
2021 246 12 23  85.3
2021 246 13 23  85.3
2021 246 14 23  85.3
2021 246 15 17  85.3
2021 246 16 17  85.3
2021 246 17 17  85.3
2021 246 18 13  85.3
2021 246 19 13  85.3
2021 246 20 13  85.3
2021 246 21 23  85.3
2021 246 22 23  85.3
2021 246 23 23  85.3
2021 247  0 17  88.0
2021 247  1 17  88.0
2021 247  2 17  88.0
2021 247  3  7  88.0
2021 247  4  7  88.0
2021 247  5  7  88.0
2021 247  6 10  88.0
2021 247  7 10  88.0
2021 247  8 10  88.0
2021 247  9 17  88.0
2021 247 10 17  88.0
2021 247 11 17  88.0
2021 247 12  7  88.0
2021 247 13  7  88.0
2021 247 14  7  88.0
2021 247 15  7  88.0
2021 247 16  7  88.0
2021 247 17  7  88.0
2021 247 18  7  88.0
2021 247 19  7  88.0
2021 247 20  7  88.0
2021 247 21 20  88.0
2021 247 22 20  88.0
2021 247 23 20  88.0
2021 248  0 20  94.9
2021 248  1 20  94.9
2021 248  2 20  94.9
2021 248  3 23  94.9
2021 248  4 23  94.9
2021 248  5 23  94.9
2021 248  6 13  94.9
2021 248  7 13  94.9
2021 248  8 13  94.9
2021 248  9 10  94.9
2021 248 10 10  94.9
2021 248 11 10  94.9
2021 248 12 20  94.9
2021 248 13 20  94.9
2021 248 14 20  94.9
2021 248 15 17  94.9
2021 248 16 17  94.9
2021 248 17 17  94.9
2021 248 18  3  94.9
2021 248 19  3  94.9
2021 248 20  3  94.9
2021 248 21 10  94.9
2021 248 22 10  94.9
2021 248 23 10  94.9
2021 249  0 20 101.1
2021 249  1 20 101.1
2021 249  2 20 101.1
2021 249  3 27 101.1
2021 249  4 27 101.1
2021 249  5 27 101.1
2021 249  6  3 101.1
2021 249  7  3 101.1
2021 249  8  3 101.1
2021 249  9 10 101.1
2021 249 10 10 101.1
2021 249 11 10 101.1
2021 249 12  7 101.1
2021 249 13  7 101.1
2021 249 14  7 101.1
2021 249 15 17 101.1
2021 249 16 17 101.1
2021 249 17 17 101.1
2021 249 18 13 101.1
2021 249 19 13 101.1
2021 249 20 13 101.1
2021 249 21 20 101.1
2021 249 22 20 101.1
2021 249 23 20 101.1
2021 250  0  7 102.8
2021 250  1  7 102.8
2021 250  2  7 102.8
2021 250  3  7 102.8
2021 250  4  7 102.8
2021 250  5  7 102.8
2021 250  6 10 102.8
2021 250  7 10 102.8
2021 250  8 10 102.8
2021 250  9 20 102.8
2021 250 10 20 102.8
2021 250 11 20 102.8
2021 250 12 17 102.8
2021 250 13 17 102.8
2021 250 14 17 102.8
2021 250 15 20 102.8
2021 250 16 20 102.8
2021 250 17 20 102.8
2021 250 18 27 102.8
2021 250 19 27 102.8
2021 250 20 27 102.8
2021 250 21 37 102.8
2021 250 22 37 102.8
2021 250 23 37 102.8
2021 251  0 40 101.9
2021 251  1 40 101.9
2021 251  2 40 101.9
2021 251  3 17 101.9
2021 251  4 17 101.9
2021 251  5 17 101.9
2021 251  6 30 101.9
2021 251  7 30 101.9
2021 251  8 30 101.9
2021 251  9 40 101.9
2021 251 10 40 101.9
2021 251 11 40 101.9
2021 251 12 30 101.9
2021 251 13 30 101.9
2021 251 14 30 101.9
2021 251 15 23 101.9
2021 251 16 23 101.9
2021 251 17 23 101.9
2021 251 18 23 101.9
2021 251 19 23 101.9
2021 251 20 23 101.9
2021 251 21 10 101.9
2021 251 22 10 101.9
2021 251 23 10 101.9
2021 252  0  7 101.1
2021 252  1  7 101.1
2021 252  2  7 101.1
2021 252  3 17 101.1
2021 252  4 17 101.1
2021 252  5 17 101.1
2021 252  6 10 101.1
2021 252  7 10 101.1
2021 252  8 10 101.1
2021 252  9 10 101.1
2021 252 10 10 101.1
2021 252 11 10 101.1
2021 252 12  7 101.1
2021 252 13  7 101.1
2021 252 14  7 101.1
2021 252 15  7 101.1
2021 252 16  7 101.1
2021 252 17  7 101.1
2021 252 18 10 101.1
2021 252 19 10 101.1
2021 252 20 10 101.1
2021 252 21 17 101.1
2021 252 22 17 101.1
2021 252 23 17 101.1
2021 253  0 10  97.6
2021 253  1 10  97.6
2021 253  2 10  97.6
2021 253  3 20  97.6
2021 253  4 20  97.6
2021 253  5 20  97.6
2021 253  6 17  97.6
2021 253  7 17  97.6
2021 253  8 17  97.6
2021 253  9  7  97.6
2021 253 10  7  97.6
2021 253 11  7  97.6
2021 253 12  7  97.6
2021 253 13  7  97.6
2021 253 14  7  97.6
2021 253 15 13  97.6
2021 253 16 13  97.6
2021 253 17 13  97.6
2021 253 18 30  97.6
2021 253 19 30  97.6
2021 253 20 30  97.6
2021 253 21 33  97.6
2021 253 22 33  97.6
2021 253 23 33  97.6
2021 254  0 33  93.0
2021 254  1 33  93.0
2021 254  2 33  93.0
2021 254  3  3  93.0
2021 254  4  3  93.0
2021 254  5  3  93.0
2021 254  6 17  93.0
2021 254  7 17  93.0
2021 254  8 17  93.0
2021 254  9 13  93.0
2021 254 10 13  93.0
2021 254 11 13  93.0
2021 254 12 10  93.0
2021 254 13 10  93.0
2021 254 14 10  93.0
2021 254 15 10  93.0
2021 254 16 10  93.0
2021 254 17 10  93.0
2021 254 18 17  93.0
2021 254 19 17  93.0
2021 254 20 17  93.0
2021 254 21 17  93.0
2021 254 22 17  93.0
2021 254 23 17  93.0
2021 255  0 10  88.8
2021 255  1 10  88.8
2021 255  2 10  88.8
2021 255  3 10  88.8
2021 255  4 10  88.8
2021 255  5 10  88.8
2021 255  6 13  88.8
2021 255  7 13  88.8
2021 255  8 13  88.8
2021 255  9 20  88.8
2021 255 10 20  88.8
2021 255 11 20  88.8
2021 255 12 13  88.8
2021 255 13 13  88.8
2021 255 14 13  88.8
2021 255 15 17  88.8
2021 255 16 17  88.8
2021 255 17 17  88.8
2021 255 18 13  88.8
2021 255 19 13  88.8
2021 255 20 13  88.8
2021 255 21 17  88.8
2021 255 22 17  88.8
2021 255 23 17  88.8
2021 256  0 10  84.3
2021 256  1 10  84.3
2021 256  2 10  84.3
2021 256  3  3  84.3
2021 256  4  3  84.3
2021 256  5  3  84.3
2021 256  6 30  84.3
2021 256  7 30  84.3
2021 256  8 30  84.3
2021 256  9 17  84.3
2021 256 10 17  84.3
2021 256 11 17  84.3
2021 256 12 27  84.3
2021 256 13 27  84.3
2021 256 14 27  84.3
2021 256 15 23  84.3
2021 256 16 23  84.3
2021 256 17 23  84.3
2021 256 18 17  84.3
2021 256 19 17  84.3
2021 256 20 17  84.3
2021 256 21 27  84.3
2021 256 22 27  84.3
2021 256 23 27  84.3
2021 257  0 20  79.0
2021 257  1 20  79.0
2021 257  2 20  79.0
2021 257  3  3  79.0
2021 257  4  3  79.0
2021 257  5  3  79.0
2021 257  6 10  79.0
2021 257  7 10  79.0
2021 257  8 10  79.0
2021 257  9 17  79.0
2021 257 10 17  79.0
2021 257 11 17  79.0
2021 257 12 23  79.0
2021 257 13 23  79.0
2021 257 14 23  79.0
2021 257 15 13  79.0
2021 257 16 13  79.0
2021 257 17 13  79.0
2021 257 18 17  79.0
2021 257 19 17  79.0
2021 257 20 17  79.0
2021 257 21  7  79.0
2021 257 22  7  79.0
2021 257 23  7  79.0
2021 258  0 17  76.1
2021 258  1 17  76.1
2021 258  2 17  76.1
2021 258  3 20  76.1
2021 258  4 20  76.1
2021 258  5 20  76.1
2021 258  6 13  76.1
2021 258  7 13  76.1
2021 258  8 13  76.1
2021 258  9 13  76.1
2021 258 10 13  76.1
2021 258 11 13  76.1
2021 258 12  7  76.1
2021 258 13  7  76.1
2021 258 14  7  76.1
2021 258 15  7  76.1
2021 258 16  7  76.1
2021 258 17  7  76.1
2021 258 18  7  76.1
2021 258 19  7  76.1
2021 258 20  7  76.1
2021 258 21 20  76.1
2021 258 22 20  76.1
2021 258 23 20  76.1
2021 259  0  7  74.0
2021 259  1  7  74.0
2021 259  2  7  74.0
2021 259  3 13  74.0
2021 259  4 13  74.0
2021 259  5 13  74.0
2021 259  6  3  74.0
2021 259  7  3  74.0
2021 259  8  3  74.0
2021 259  9  3  74.0
2021 259 10  3  74.0
2021 259 11  3  74.0
2021 259 12  3  74.0
2021 259 13  3  74.0
2021 259 14  3  74.0
2021 259 15  7  74.0
2021 259 16  7  74.0
2021 259 17  7  74.0
2021 259 18  7  74.0
2021 259 19  7  74.0
2021 259 20  7  74.0
2021 259 21 10  74.0
2021 259 22 10  74.0
2021 259 23 10  74.0
2021 260  0 20  74.1
2021 260  1 20  74.1
2021 260  2 20  74.1
2021 260  3 30  74.1
2021 260  4 30  74.1
2021 260  5 30  74.1
2021 260  6  7  74.1
2021 260  7  7  74.1
2021 260  8  7  74.1
2021 260  9 33  74.1
2021 260 10 33  74.1
2021 260 11 33  74.1
2021 260 12 30  74.1
2021 260 13 30  74.1
2021 260 14 30  74.1
2021 260 15 37  74.1
2021 260 16 37  74.1
2021 260 17 37  74.1
2021 260 18 50  74.1
2021 260 19 50  74.1
2021 260 20 50  74.1
2021 260 21 53  74.1
2021 260 22 53  74.1
2021 260 23 53  74.1
2021 261  0 27  74.4
2021 261  1 27  74.4
2021 261  2 27  74.4
2021 261  3 33  74.4
2021 261  4 33  74.4
2021 261  5 33  74.4
2021 261  6 30  74.4
2021 261  7 30  74.4
2021 261  8 30  74.4
2021 261  9 23  74.4
2021 261 10 23  74.4
2021 261 11 23  74.4
2021 261 12 17  74.4
2021 261 13 17  74.4
2021 261 14 17  74.4
2021 261 15  3  74.4
2021 261 16  3  74.4
2021 261 17  3  74.4
2021 261 18  3  74.4
2021 261 19  3  74.4
2021 261 20  3  74.4
2021 261 21  7  74.4
2021 261 22  7  74.4
2021 261 23  7  74.4
2021 262  0  7  75.7
2021 262  1  7  75.7
2021 262  2  7  75.7
2021 262  3  0  75.7
2021 262  4  0  75.7
2021 262  5  0  75.7
2021 262  6  0  75.7
2021 262  7  0  75.7
2021 262  8  0  75.7
2021 262  9  3  75.7
2021 262 10  3  75.7
2021 262 11  3  75.7
2021 262 12 13  75.7
2021 262 13 13  75.7
2021 262 14 13  75.7
2021 262 15  0  75.7
2021 262 16  0  75.7
2021 262 17  0  75.7
2021 262 18  3  75.7
2021 262 19  3  75.7
2021 262 20  3  75.7
2021 262 21  0  75.7
2021 262 22  0  75.7
2021 262 23  0  75.7
2021 263  0 13  80.7
2021 263  1 13  80.7
2021 263  2 13  80.7
2021 263  3  3  80.7
2021 263  4  3  80.7
2021 263  5  3  80.7
2021 263  6  0  80.7
2021 263  7  0  80.7
2021 263  8  0  80.7
2021 263  9 10  80.7
2021 263 10 10  80.7
2021 263 11 10  80.7
2021 263 12  3  80.7
2021 263 13  3  80.7
2021 263 14  3  80.7
2021 263 15  3  80.7
2021 263 16  3  80.7
2021 263 17  3  80.7
2021 263 18  3  80.7
2021 263 19  3  80.7
2021 263 20  3  80.7
2021 263 21 10  80.7
2021 263 22 10  80.7
2021 263 23 10  80.7
2021 264  0 23  85.5
2021 264  1 23  85.5
2021 264  2 23  85.5
2021 264  3  0  85.5
2021 264  4  0  85.5
2021 264  5  0  85.5
2021 264  6  3  85.5
2021 264  7  3  85.5
2021 264  8  3  85.5
2021 264  9  3  85.5
2021 264 10  3  85.5
2021 264 11  3  85.5
2021 264 12  7  85.5
2021 264 13  7  85.5
2021 264 14  7  85.5
2021 264 15 27  85.5
2021 264 16 27  85.5
2021 264 17 27  85.5
2021 264 18 23  85.5
2021 264 19 23  85.5
2021 264 20 23  85.5
2021 264 21 30  85.5
2021 264 22 30  85.5
2021 264 23 30  85.5
2021 265  0 37  89.2
2021 265  1 37  89.2
2021 265  2 37  89.2
2021 265  3 27  89.2
2021 265  4 27  89.2
2021 265  5 27  89.2
2021 265  6 40  89.2
2021 265  7 40  89.2
2021 265  8 40  89.2
2021 265  9 27  89.2
2021 265 10 27  89.2
2021 265 11 27  89.2
2021 265 12 13  89.2
2021 265 13 13  89.2
2021 265 14 13  89.2
2021 265 15  7  89.2
2021 265 16  7  89.2
2021 265 17  7  89.2
2021 265 18 13  89.2
2021 265 19 13  89.2
2021 265 20 13  89.2
2021 265 21 20  89.2
2021 265 22 20  89.2
2021 265 23 20  89.2
2021 266  0 23  90.2
2021 266  1 23  90.2
2021 266  2 23  90.2
2021 266  3 27  90.2
2021 266  4 27  90.2
2021 266  5 27  90.2
2021 266  6 37  90.2
2021 266  7 37  90.2
2021 266  8 37  90.2
2021 266  9 17  90.2
2021 266 10 17  90.2
2021 266 11 17  90.2
2021 266 12 20  90.2
2021 266 13 20  90.2
2021 266 14 20  90.2
2021 266 15 17  90.2
2021 266 16 17  90.2
2021 266 17 17  90.2
2021 266 18 13  90.2
2021 266 19 13  90.2
2021 266 20 13  90.2
2021 266 21  3  90.2
2021 266 22  3  90.2
2021 266 23  3  90.2
2021 267  0 20  88.9
2021 267  1 20  88.9
2021 267  2 20  88.9
2021 267  3 20  88.9
2021 267  4 20  88.9
2021 267  5 20  88.9
2021 267  6 17  88.9
2021 267  7 17  88.9
2021 267  8 17  88.9
2021 267  9 10  88.9
2021 267 10 10  88.9
2021 267 11 10  88.9
2021 267 12 10  88.9
2021 267 13 10  88.9
2021 267 14 10  88.9
2021 267 15 33  88.9
2021 267 16 33  88.9
2021 267 17 33  88.9
2021 267 18 17  88.9
2021 267 19 17  88.9
2021 267 20 17  88.9
2021 267 21  7  88.9
2021 267 22  7  88.9
2021 267 23  7  88.9
2021 268  0 20  88.9
2021 268  1 20  88.9
2021 268  2 20  88.9
2021 268  3 23  88.9
2021 268  4 23  88.9
2021 268  5 23  88.9
2021 268  6 17  88.9
2021 268  7 17  88.9
2021 268  8 17  88.9
2021 268  9 17  88.9
2021 268 10 17  88.9
2021 268 11 17  88.9
2021 268 12 10  88.9
2021 268 13 10  88.9
2021 268 14 10  88.9
2021 268 15  7  88.9
2021 268 16  7  88.9
2021 268 17  7  88.9
2021 268 18 10  88.9
2021 268 19 10  88.9
2021 268 20 10  88.9
2021 268 21 20  88.9
2021 268 22 20  88.9
2021 268 23 20  88.9
2021 269  0  3  86.7
2021 269  1  3  86.7
2021 269  2  3  86.7
2021 269  3  3  86.7
2021 269  4  3  86.7
2021 269  5  3  86.7
2021 269  6  0  86.7
2021 269  7  0  86.7
2021 269  8  0  86.7
2021 269  9  0  86.7
2021 269 10  0  86.7
2021 269 11  0  86.7
2021 269 12  0  86.7
2021 269 13  0  86.7
2021 269 14  0  86.7
2021 269 15  0  86.7
2021 269 16  0  86.7
2021 269 17  0  86.7
2021 269 18  3  86.7
2021 269 19  3  86.7
2021 269 20  3  86.7
2021 269 21  7  86.7
2021 269 22  7  86.7
2021 269 23  7  86.7
2021 270  0 23  85.6
2021 270  1 23  85.6
2021 270  2 23  85.6
2021 270  3 23  85.6
2021 270  4 23  85.6
2021 270  5 23  85.6
2021 270  6 10  85.6
2021 270  7 10  85.6
2021 270  8 10  85.6
2021 270  9 10  85.6
2021 270 10 10  85.6
2021 270 11 10  85.6
2021 270 12  7  85.6
2021 270 13  7  85.6
2021 270 14  7  85.6
2021 270 15 17  85.6
2021 270 16 17  85.6
2021 270 17 17  85.6
2021 270 18 13  85.6
2021 270 19 13  85.6
2021 270 20 13  85.6
2021 270 21 23  85.6
2021 270 22 23  85.6
2021 270 23 23  85.6
2021 271  0 13  89.3
2021 271  1 13  89.3
2021 271  2 13  89.3
2021 271  3 20  89.3
2021 271  4 20  89.3
2021 271  5 20  89.3
2021 271  6 23  89.3
2021 271  7 23  89.3
2021 271  8 23  89.3
2021 271  9 23  89.3
2021 271 10 23  89.3
2021 271 11 23  89.3
2021 271 12 20  89.3
2021 271 13 20  89.3
2021 271 14 20  89.3
2021 271 15 20  89.3
2021 271 16 20  89.3
2021 271 17 20  89.3
2021 271 18 30  89.3
2021 271 19 30  89.3
2021 271 20 30  89.3
2021 271 21 27  89.3
2021 271 22 27  89.3
2021 271 23 27  89.3
2021 272  0  3 102.0
2021 272  1  3 102.0
2021 272  2  3 102.0
2021 272  3  0 102.0
2021 272  4  0 102.0
2021 272  5  0 102.0
2021 272  6  7 102.0
2021 272  7  7 102.0
2021 272  8  7 102.0
2021 272  9 13 102.0
2021 272 10 13 102.0
2021 272 11 13 102.0
2021 272 12 20 102.0
2021 272 13 20 102.0
2021 272 14 20 102.0
2021 272 15 10 102.0
2021 272 16 10 102.0
2021 272 17 10 102.0
2021 272 18 17 102.0
2021 272 19 17 102.0
2021 272 20 17 102.0
2021 272 21 13 102.0
2021 272 22 13 102.0
2021 272 23 13 102.0
2021 273  0 13  94.8
2021 273  1 13  94.8
2021 273  2 13  94.8
2021 273  3  0  94.8
2021 273  4  0  94.8
2021 273  5  0  94.8
2021 273  6  0  94.8
2021 273  7  0  94.8
2021 273  8  0  94.8
2021 273  9  7  94.8
2021 273 10  7  94.8
2021 273 11  7  94.8
2021 273 12 10  94.8
2021 273 13 10  94.8
2021 273 14 10  94.8
2021 273 15 27  94.8
2021 273 16 27  94.8
2021 273 17 27  94.8
2021 273 18 40  94.8
2021 273 19 40  94.8
2021 273 20 40  94.8
2021 273 21 23  94.8
2021 273 22 23  94.8
2021 273 23 23  94.8
2021 274  0 30  90.7
2021 274  1 30  90.7
2021 274  2 30  90.7
2021 274  3 23  90.7
2021 274  4 23  90.7
2021 274  5 23  90.7
2021 274  6 37  90.7
2021 274  7 37  90.7
2021 274  8 37  90.7
2021 274  9 33  90.7
2021 274 10 33  90.7
2021 274 11 33  90.7
2021 274 12 33  90.7
2021 274 13 33  90.7
2021 274 14 33  90.7
2021 274 15 23  90.7
2021 274 16 23  90.7
2021 274 17 23  90.7
2021 274 18 17  90.7
2021 274 19 17  90.7
2021 274 20 17  90.7
2021 274 21  0  90.7
2021 274 22  0  90.7
2021 274 23  0  90.7
2021 275  0  0  87.1
2021 275  1  0  87.1
2021 275  2  0  87.1
2021 275  3  0  87.1
2021 275  4  0  87.1
2021 275  5  0  87.1
2021 275  6  7  87.1
2021 275  7  7  87.1
2021 275  8  7  87.1
2021 275  9 40  87.1
2021 275 10 40  87.1
2021 275 11 40  87.1
2021 275 12 30  87.1
2021 275 13 30  87.1
2021 275 14 30  87.1
2021 275 15 23  87.1
2021 275 16 23  87.1
2021 275 17 23  87.1
2021 275 18 10  87.1
2021 275 19 10  87.1
2021 275 20 10  87.1
2021 275 21  0  87.1
2021 275 22  0  87.1
2021 275 23  0  87.1
2021 276  0  0  86.1
2021 276  1  0  86.1
2021 276  2  0  86.1
2021 276  3 20  86.1
2021 276  4 20  86.1
2021 276  5 20  86.1
2021 276  6 10  86.1
2021 276  7 10  86.1
2021 276  8 10  86.1
2021 276  9 17  86.1
2021 276 10 17  86.1
2021 276 11 17  86.1
2021 276 12 17  86.1
2021 276 13 17  86.1
2021 276 14 17  86.1
2021 276 15 13  86.1
2021 276 16 13  86.1
2021 276 17 13  86.1
2021 276 18 10  86.1
2021 276 19 10  86.1
2021 276 20 10  86.1
2021 276 21 20  86.1
2021 276 22 20  86.1
2021 276 23 20  86.1
2021 277  0 27  83.5
2021 277  1 27  83.5
2021 277  2 27  83.5
2021 277  3 13  83.5
2021 277  4 13  83.5
2021 277  5 13  83.5
2021 277  6  7  83.5
2021 277  7  7  83.5
2021 277  8  7  83.5
2021 277  9  7  83.5
2021 277 10  7  83.5
2021 277 11  7  83.5
2021 277 12  3  83.5
2021 277 13  3  83.5
2021 277 14  3  83.5
2021 277 15  7  83.5
2021 277 16  7  83.5
2021 277 17  7  83.5
2021 277 18  3  83.5
2021 277 19  3  83.5
2021 277 20  3  83.5
2021 277 21 17  83.5
2021 277 22 17  83.5
2021 277 23 17  83.5
2021 278  0 23  81.7
2021 278  1 23  81.7
2021 278  2 23  81.7
2021 278  3 27  81.7
2021 278  4 27  81.7
2021 278  5 27  81.7
2021 278  6  3  81.7
2021 278  7  3  81.7
2021 278  8  3  81.7
2021 278  9  3  81.7
2021 278 10  3  81.7
2021 278 11  3  81.7
2021 278 12  7  81.7
2021 278 13  7  81.7
2021 278 14  7  81.7
2021 278 15  3  81.7
2021 278 16  3  81.7
2021 278 17  3  81.7
2021 278 18  3  81.7
2021 278 19  3  81.7
2021 278 20  3  81.7
2021 278 21 10  81.7
2021 278 22 10  81.7
2021 278 23 10  81.7
2021 279  0 20  84.7
2021 279  1 20  84.7
2021 279  2 20  84.7
2021 279  3 17  84.7
2021 279  4 17  84.7
2021 279  5 17  84.7
2021 279  6 13  84.7
2021 279  7 13  84.7
2021 279  8 13  84.7
2021 279  9 20  84.7
2021 279 10 20  84.7
2021 279 11 20  84.7
2021 279 12 23  84.7
2021 279 13 23  84.7
2021 279 14 23  84.7
2021 279 15 30  84.7
2021 279 16 30  84.7
2021 279 17 30  84.7
2021 279 18 27  84.7
2021 279 19 27  84.7
2021 279 20 27  84.7
2021 279 21  7  84.7
2021 279 22  7  84.7
2021 279 23  7  84.7
2021 280  0  7  85.6
2021 280  1  7  85.6
2021 280  2  7  85.6
2021 280  3  3  85.6
2021 280  4  3  85.6
2021 280  5  3  85.6
2021 280  6  3  85.6
2021 280  7  3  85.6
2021 280  8  3  85.6
2021 280  9  7  85.6
2021 280 10  7  85.6
2021 280 11  7  85.6
2021 280 12 10  85.6
2021 280 13 10  85.6
2021 280 14 10  85.6
2021 280 15 13  85.6
2021 280 16 13  85.6
2021 280 17 13  85.6
2021 280 18  7  85.6
2021 280 19  7  85.6
2021 280 20  7  85.6
2021 280 21  0  85.6
2021 280 22  0  85.6
2021 280 23  0  85.6
2021 281  0 20  92.2
2021 281  1 20  92.2
2021 281  2 20  92.2
2021 281  3 13  92.2
2021 281  4 13  92.2
2021 281  5 13  92.2
2021 281  6  7  92.2
2021 281  7  7  92.2
2021 281  8  7  92.2
2021 281  9  3  92.2
2021 281 10  3  92.2
2021 281 11  3  92.2
2021 281 12  3  92.2
2021 281 13  3  92.2
2021 281 14  3  92.2
2021 281 15  0  92.2
2021 281 16  0  92.2
2021 281 17  0  92.2
2021 281 18 10  92.2
2021 281 19 10  92.2
2021 281 20 10  92.2
2021 281 21  3  92.2
2021 281 22  3  92.2
2021 281 23  3  92.2
2021 282  0 13  80.8
2021 282  1 13  80.8
2021 282  2 13  80.8
2021 282  3 13  80.8
2021 282  4 13  80.8
2021 282  5 13  80.8
2021 282  6  7  80.8
2021 282  7  7  80.8
2021 282  8  7  80.8
2021 282  9 10  80.8
2021 282 10 10  80.8
2021 282 11 10  80.8
2021 282 12 17  80.8
2021 282 13 17  80.8
2021 282 14 17  80.8
2021 282 15  7  80.8
2021 282 16  7  80.8
2021 282 17  7  80.8
2021 282 18  7  80.8
2021 282 19  7  80.8
2021 282 20  7  80.8
2021 282 21  7  80.8
2021 282 22  7  80.8
2021 282 23  7  80.8
2021 283  0  3  84.2
2021 283  1  3  84.2
2021 283  2  3  84.2
2021 283  3 17  84.2
2021 283  4 17  84.2
2021 283  5 17  84.2
2021 283  6 10  84.2
2021 283  7 10  84.2
2021 283  8 10  84.2
2021 283  9 13  84.2
2021 283 10 13  84.2
2021 283 11 13  84.2
2021 283 12 27  84.2
2021 283 13 27  84.2
2021 283 14 27  84.2
2021 283 15 23  84.2
2021 283 16 23  84.2
2021 283 17 23  84.2
2021 283 18 23  84.2
2021 283 19 23  84.2
2021 283 20 23  84.2
2021 283 21 47  84.2
2021 283 22 47  84.2
2021 283 23 47  84.2
2021 284  0 33  88.2
2021 284  1 33  88.2
2021 284  2 33  88.2
2021 284  3 33  88.2
2021 284  4 33  88.2
2021 284  5 33  88.2
2021 284  6 27  88.2
2021 284  7 27  88.2
2021 284  8 27  88.2
2021 284  9 20  88.2
2021 284 10 20  88.2
2021 284 11 20  88.2
2021 284 12 27  88.2
2021 284 13 27  88.2
2021 284 14 27  88.2
2021 284 15 13  88.2
2021 284 16 13  88.2
2021 284 17 13  88.2
2021 284 18 33  88.2
2021 284 19 33  88.2
2021 284 20 33  88.2
2021 284 21 37  88.2
2021 284 22 37  88.2
2021 284 23 37  88.2
2021 285  0 50  83.1
2021 285  1 50  83.1
2021 285  2 50  83.1
2021 285  3 60  83.1
2021 285  4 60  83.1
2021 285  5 60  83.1
2021 285  6 47  83.1
2021 285  7 47  83.1
2021 285  8 47  83.1
2021 285  9 63  83.1
2021 285 10 63  83.1
2021 285 11 63  83.1
2021 285 12 47  83.1
2021 285 13 47  83.1
2021 285 14 47  83.1
2021 285 15 43  83.1
2021 285 16 43  83.1
2021 285 17 43  83.1
2021 285 18 33  83.1
2021 285 19 33  83.1
2021 285 20 33  83.1
2021 285 21 33  83.1
2021 285 22 33  83.1
2021 285 23 33  83.1
2021 286  0 33  83.1
2021 286  1 33  83.1
2021 286  2 33  83.1
2021 286  3 20  83.1
2021 286  4 20  83.1
2021 286  5 20  83.1
2021 286  6  7  83.1
2021 286  7  7  83.1
2021 286  8  7  83.1
2021 286  9  0  83.1
2021 286 10  0  83.1
2021 286 11  0  83.1
2021 286 12  3  83.1
2021 286 13  3  83.1
2021 286 14  3  83.1
2021 286 15  7  83.1
2021 286 16  7  83.1
2021 286 17  7  83.1
2021 286 18  7  83.1
2021 286 19  7  83.1
2021 286 20  7  83.1
2021 286 21  7  83.1
2021 286 22  7  83.1
2021 286 23  7  83.1
2021 287  0 20  82.9
2021 287  1 20  82.9
2021 287  2 20  82.9
2021 287  3 20  82.9
2021 287  4 20  82.9
2021 287  5 20  82.9
2021 287  6 10  82.9
2021 287  7 10  82.9
2021 287  8 10  82.9
2021 287  9 20  82.9
2021 287 10 20  82.9
2021 287 11 20  82.9
2021 287 12 13  82.9
2021 287 13 13  82.9
2021 287 14 13  82.9
2021 287 15 13  82.9
2021 287 16 13  82.9
2021 287 17 13  82.9
2021 287 18 23  82.9
2021 287 19 23  82.9
2021 287 20 23  82.9
2021 287 21 20  82.9
2021 287 22 20  82.9
2021 287 23 20  82.9
2021 288  0 17  83.5
2021 288  1 17  83.5
2021 288  2 17  83.5
2021 288  3 17  83.5
2021 288  4 17  83.5
2021 288  5 17  83.5
2021 288  6 13  83.5
2021 288  7 13  83.5
2021 288  8 13  83.5
2021 288  9 13  83.5
2021 288 10 13  83.5
2021 288 11 13  83.5
2021 288 12  0  83.5
2021 288 13  0  83.5
2021 288 14  0  83.5
2021 288 15  0  83.5
2021 288 16  0  83.5
2021 288 17  0  83.5
2021 288 18  3  83.5
2021 288 19  3  83.5
2021 288 20  3  83.5
2021 288 21 23  83.5
2021 288 22 23  83.5
2021 288 23 23  83.5
2021 289  0 30  77.0
2021 289  1 30  77.0
2021 289  2 30  77.0
2021 289  3 20  77.0
2021 289  4 20  77.0
2021 289  5 20  77.0
2021 289  6  7  77.0
2021 289  7  7  77.0
2021 289  8  7  77.0
2021 289  9 13  77.0
2021 289 10 13  77.0
2021 289 11 13  77.0
2021 289 12  0  77.0
2021 289 13  0  77.0
2021 289 14  0  77.0
2021 289 15 13  77.0
2021 289 16 13  77.0
2021 289 17 13  77.0
2021 289 18 10  77.0
2021 289 19 10  77.0
2021 289 20 10  77.0
2021 289 21  3  77.0
2021 289 22  3  77.0
2021 289 23  3  77.0
2021 290  0  3  76.9
2021 290  1  3  76.9
2021 290  2  3  76.9
2021 290  3 10  76.9
2021 290  4 10  76.9
2021 290  5 10  76.9
2021 290  6 10  76.9
2021 290  7 10  76.9
2021 290  8 10  76.9
2021 290  9 23  76.9
2021 290 10 23  76.9
2021 290 11 23  76.9
2021 290 12 20  76.9
2021 290 13 20  76.9
2021 290 14 20  76.9
2021 290 15 23  76.9
2021 290 16 23  76.9
2021 290 17 23  76.9
2021 290 18 40  76.9
2021 290 19 40  76.9
2021 290 20 40  76.9
2021 290 21 37  76.9
2021 290 22 37  76.9
2021 290 23 37  76.9
2021 291  0 33  75.3
2021 291  1 33  75.3
2021 291  2 33  75.3
2021 291  3 27  75.3
2021 291  4 27  75.3
2021 291  5 27  75.3
2021 291  6 17  75.3
2021 291  7 17  75.3
2021 291  8 17  75.3
2021 291  9  7  75.3
2021 291 10  7  75.3
2021 291 11  7  75.3
2021 291 12 20  75.3
2021 291 13 20  75.3
2021 291 14 20  75.3
2021 291 15 17  75.3
2021 291 16 17  75.3
2021 291 17 17  75.3
2021 291 18 20  75.3
2021 291 19 20  75.3
2021 291 20 20  75.3
2021 291 21 27  75.3
2021 291 22 27  75.3
2021 291 23 27  75.3
2021 292  0 23  75.4
2021 292  1 23  75.4
2021 292  2 23  75.4
2021 292  3 30  75.4
2021 292  4 30  75.4
2021 292  5 30  75.4
2021 292  6 17  75.4
2021 292  7 17  75.4
2021 292  8 17  75.4
2021 292  9 10  75.4
2021 292 10 10  75.4
2021 292 11 10  75.4
2021 292 12 20  75.4
2021 292 13 20  75.4
2021 292 14 20  75.4
2021 292 15 40  75.4
2021 292 16 40  75.4
2021 292 17 40  75.4
2021 292 18 40  75.4
2021 292 19 40  75.4
2021 292 20 40  75.4
2021 292 21 13  75.4
2021 292 22 13  75.4
2021 292 23 13  75.4
2021 293  0 10  75.3
2021 293  1 10  75.3
2021 293  2 10  75.3
2021 293  3 23  75.3
2021 293  4 23  75.3
2021 293  5 23  75.3
2021 293  6  7  75.3
2021 293  7  7  75.3
2021 293  8  7  75.3
2021 293  9  7  75.3
2021 293 10  7  75.3
2021 293 11  7  75.3
2021 293 12 17  75.3
2021 293 13 17  75.3
2021 293 14 17  75.3
2021 293 15 13  75.3
2021 293 16 13  75.3
2021 293 17 13  75.3
2021 293 18 13  75.3
2021 293 19 13  75.3
2021 293 20 13  75.3
2021 293 21 20  75.3
2021 293 22 20  75.3
2021 293 23 20  75.3
2021 294  0 17  81.1
2021 294  1 17  81.1
2021 294  2 17  81.1
2021 294  3 17  81.1
2021 294  4 17  81.1
2021 294  5 17  81.1
2021 294  6 13  81.1
2021 294  7 13  81.1
2021 294  8 13  81.1
2021 294  9 10  81.1
2021 294 10 10  81.1
2021 294 11 10  81.1
2021 294 12  7  81.1
2021 294 13  7  81.1
2021 294 14  7  81.1
2021 294 15 17  81.1
2021 294 16 17  81.1
2021 294 17 17  81.1
2021 294 18 10  81.1
2021 294 19 10  81.1
2021 294 20 10  81.1
2021 294 21 20  81.1
2021 294 22 20  81.1
2021 294 23 20  81.1
2021 295  0  7  86.0
2021 295  1  7  86.0
2021 295  2  7  86.0
2021 295  3  0  86.0
2021 295  4  0  86.0
2021 295  5  0  86.0
2021 295  6  3  86.0
2021 295  7  3  86.0
2021 295  8  3  86.0
2021 295  9  3  86.0
2021 295 10  3  86.0
2021 295 11  3  86.0
2021 295 12 17  86.0
2021 295 13 17  86.0
2021 295 14 17  86.0
2021 295 15  3  86.0
2021 295 16  3  86.0
2021 295 17  3  86.0
2021 295 18  7  86.0
2021 295 19  7  86.0
2021 295 20  7  86.0
2021 295 21 13  86.0
2021 295 22 13  86.0
2021 295 23 13  86.0
2021 296  0 17  85.8
2021 296  1 17  85.8
2021 296  2 17  85.8
2021 296  3  0  85.8
2021 296  4  0  85.8
2021 296  5  0  85.8
2021 296  6  3  85.8
2021 296  7  3  85.8
2021 296  8  3  85.8
2021 296  9  3  85.8
2021 296 10  3  85.8
2021 296 11  3  85.8
2021 296 12  3  85.8
2021 296 13  3  85.8
2021 296 14  3  85.8
2021 296 15  3  85.8
2021 296 16  3  85.8
2021 296 17  3  85.8
2021 296 18 10  85.8
2021 296 19 10  85.8
2021 296 20 10  85.8
2021 296 21  3  85.8
2021 296 22  3  85.8
2021 296 23  3  85.8
2021 297  0  7  92.2
2021 297  1  7  92.2
2021 297  2  7  92.2
2021 297  3  7  92.2
2021 297  4  7  92.2
2021 297  5  7  92.2
2021 297  6  3  92.2
2021 297  7  3  92.2
2021 297  8  3  92.2
2021 297  9  7  92.2
2021 297 10  7  92.2
2021 297 11  7  92.2
2021 297 12 10  92.2
2021 297 13 10  92.2
2021 297 14 10  92.2
2021 297 15 17  92.2
2021 297 16 17  92.2
2021 297 17 17  92.2
2021 297 18 10  92.2
2021 297 19 10  92.2
2021 297 20 10  92.2
2021 297 21  7  92.2
2021 297 22  7  92.2
2021 297 23  7  92.2
2021 298  0  7  99.4
2021 298  1  7  99.4
2021 298  2  7  99.4
2021 298  3 13  99.4
2021 298  4 13  99.4
2021 298  5 13  99.4
2021 298  6  7  99.4
2021 298  7  7  99.4
2021 298  8  7  99.4
2021 298  9  3  99.4
2021 298 10  3  99.4
2021 298 11  3  99.4
2021 298 12 10  99.4
2021 298 13 10  99.4
2021 298 14 10  99.4
2021 298 15 23  99.4
2021 298 16 23  99.4
2021 298 17 23  99.4
2021 298 18 10  99.4
2021 298 19 10  99.4
2021 298 20 10  99.4
2021 298 21  7  99.4
2021 298 22  7  99.4
2021 298 23  7  99.4
2021 299  0 13 107.9
2021 299  1 13 107.9
2021 299  2 13 107.9
2021 299  3 17 107.9
2021 299  4 17 107.9
2021 299  5 17 107.9
2021 299  6  7 107.9
2021 299  7  7 107.9
2021 299  8  7 107.9
2021 299  9  7 107.9
2021 299 10  7 107.9
2021 299 11  7 107.9
2021 299 12  7 107.9
2021 299 13  7 107.9
2021 299 14  7 107.9
2021 299 15  7 107.9
2021 299 16  7 107.9
2021 299 17  7 107.9
2021 299 18  3 107.9
2021 299 19  3 107.9
2021 299 20  3 107.9
2021 299 21 23 107.9
2021 299 22 23 107.9
2021 299 23 23 107.9
2021 300  0  7 109.5
2021 300  1  7 109.5
2021 300  2  7 109.5
2021 300  3  0 109.5
2021 300  4  0 109.5
2021 300  5  0 109.5
2021 300  6  0 109.5
2021 300  7  0 109.5
2021 300  8  0 109.5
2021 300  9  3 109.5
2021 300 10  3 109.5
2021 300 11  3 109.5
2021 300 12 10 109.5
2021 300 13 10 109.5
2021 300 14 10 109.5
2021 300 15  3 109.5
2021 300 16  3 109.5
2021 300 17  3 109.5
2021 300 18  7 109.5
2021 300 19  7 109.5
2021 300 20  7 109.5
2021 300 21  3 109.5
2021 300 22  3 109.5
2021 300 23  3 109.5
2021 301  0  0 110.3
2021 301  1  0 110.3
2021 301  2  0 110.3
2021 301  3  0 110.3
2021 301  4  0 110.3
2021 301  5  0 110.3
2021 301  6  0 110.3
2021 301  7  0 110.3
2021 301  8  0 110.3
2021 301  9  0 110.3
2021 301 10  0 110.3
2021 301 11  0 110.3
2021 301 12  0 110.3
2021 301 13  0 110.3
2021 301 14  0 110.3
2021 301 15 13 110.3
2021 301 16 13 110.3
2021 301 17 13 110.3
2021 301 18  3 110.3
2021 301 19  3 110.3
2021 301 20  3 110.3
2021 301 21  0 110.3
2021 301 22  0 110.3
2021 301 23  0 110.3
2021 302  0  0 106.9
2021 302  1  0 106.9
2021 302  2  0 106.9
2021 302  3  0 106.9
2021 302  4  0 106.9
2021 302  5  0 106.9
2021 302  6  0 106.9
2021 302  7  0 106.9
2021 302  8  0 106.9
2021 302  9  0 106.9
2021 302 10  0 106.9
2021 302 11  0 106.9
2021 302 12  0 106.9
2021 302 13  0 106.9
2021 302 14  0 106.9
2021 302 15  7 106.9
2021 302 16  7 106.9
2021 302 17  7 106.9
2021 302 18  3 106.9
2021 302 19  3 106.9
2021 302 20  3 106.9
2021 302 21 13 106.9
2021 302 22 13 106.9
2021 302 23 13 106.9
2021 303  0 20 105.7
2021 303  1 20 105.7
2021 303  2 20 105.7
2021 303  3 27 105.7
2021 303  4 27 105.7
2021 303  5 27 105.7
2021 303  6 23 105.7
2021 303  7 23 105.7
2021 303  8 23 105.7
2021 303  9  7 105.7
2021 303 10  7 105.7
2021 303 11  7 105.7
2021 303 12  7 105.7
2021 303 13  7 105.7
2021 303 14  7 105.7
2021 303 15 17 105.7
2021 303 16 17 105.7
2021 303 17 17 105.7
2021 303 18 17 105.7
2021 303 19 17 105.7
2021 303 20 17 105.7
2021 303 21 37 105.7
2021 303 22 37 105.7
2021 303 23 37 105.7
2021 304  0 23 101.2
2021 304  1 23 101.2
2021 304  2 23 101.2
2021 304  3 23 101.2
2021 304  4 23 101.2
2021 304  5 23 101.2
2021 304  6  3 101.2
2021 304  7  3 101.2
2021 304  8  3 101.2
2021 304  9 30 101.2
2021 304 10 30 101.2
2021 304 11 30 101.2
2021 304 12 40 101.2
2021 304 13 40 101.2
2021 304 14 40 101.2
2021 304 15 23 101.2
2021 304 16 23 101.2
2021 304 17 23 101.2
2021 304 18 30 101.2
2021 304 19 30 101.2
2021 304 20 30 101.2
2021 304 21 40 101.2
2021 304 22 40 101.2
2021 304 23 40 101.2
