Year  DOY  Hour  Kp  F10.7
2007 334  0  0  69.2
2007 334  1  0  69.2
2007 334  2  0  69.2
2007 334  3  0  69.2
2007 334  4  0  69.2
2007 334  5  0  69.2
2007 334  6  7  69.2
2007 334  7  7  69.2
2007 334  8  7  69.2
2007 334  9  7  69.2
2007 334 10  7  69.2
2007 334 11  7  69.2
2007 334 12  7  69.2
2007 334 13  7  69.2
2007 334 14  7  69.2
2007 334 15  7  69.2
2007 334 16  7  69.2
2007 334 17  7  69.2
2007 334 18 13  69.2
2007 334 19 13  69.2
2007 334 20 13  69.2
2007 334 21 10  69.2
2007 334 22 10  69.2
2007 334 23 10  69.2
2007 335  0 30  69.9
2007 335  1 30  69.9
2007 335  2 30  69.9
2007 335  3  3  69.9
2007 335  4  3  69.9
2007 335  5  3  69.9
2007 335  6  7  69.9
2007 335  7  7  69.9
2007 335  8  7  69.9
2007 335  9 10  69.9
2007 335 10 10  69.9
2007 335 11 10  69.9
2007 335 12  0  69.9
2007 335 13  0  69.9
2007 335 14  0  69.9
2007 335 15  0  69.9
2007 335 16  0  69.9
2007 335 17  0  69.9
2007 335 18  0  69.9
2007 335 19  0  69.9
2007 335 20  0  69.9
2007 335 21  3  69.9
2007 335 22  3  69.9
2007 335 23  3  69.9
2007 336  0  0  71.0
2007 336  1  0  71.0
2007 336  2  0  71.0
2007 336  3 10  71.0
2007 336  4 10  71.0
2007 336  5 10  71.0
2007 336  6  7  71.0
2007 336  7  7  71.0
2007 336  8  7  71.0
2007 336  9  7  71.0
2007 336 10  7  71.0
2007 336 11  7  71.0
2007 336 12  0  71.0
2007 336 13  0  71.0
2007 336 14  0  71.0
2007 336 15  0  71.0
2007 336 16  0  71.0
2007 336 17  0  71.0
2007 336 18  3  71.0
2007 336 19  3  71.0
2007 336 20  3  71.0
2007 336 21  7  71.0
2007 336 22  7  71.0
2007 336 23  7  71.0
2007 337  0  0  70.5
2007 337  1  0  70.5
2007 337  2  0  70.5
2007 337  3  3  70.5
2007 337  4  3  70.5
2007 337  5  3  70.5
2007 337  6  0  70.5
2007 337  7  0  70.5
2007 337  8  0  70.5
2007 337  9  0  70.5
2007 337 10  0  70.5
2007 337 11  0  70.5
2007 337 12  3  70.5
2007 337 13  3  70.5
2007 337 14  3  70.5
2007 337 15  0  70.5
2007 337 16  0  70.5
2007 337 17  0  70.5
2007 337 18  3  70.5
2007 337 19  3  70.5
2007 337 20  3  70.5
2007 337 21  0  70.5
2007 337 22  0  70.5
2007 337 23  0  70.5
2007 338  0  3  71.5
2007 338  1  3  71.5
2007 338  2  3  71.5
2007 338  3  0  71.5
2007 338  4  0  71.5
2007 338  5  0  71.5
2007 338  6  0  71.5
2007 338  7  0  71.5
2007 338  8  0  71.5
2007 338  9  3  71.5
2007 338 10  3  71.5
2007 338 11  3  71.5
2007 338 12  3  71.5
2007 338 13  3  71.5
2007 338 14  3  71.5
2007 338 15  0  71.5
2007 338 16  0  71.5
2007 338 17  0  71.5
2007 338 18  3  71.5
2007 338 19  3  71.5
2007 338 20  3  71.5
2007 338 21  3  71.5
2007 338 22  3  71.5
2007 338 23  3  71.5
2007 339  0 20  73.1
2007 339  1 20  73.1
2007 339  2 20  73.1
2007 339  3  3  73.1
2007 339  4  3  73.1
2007 339  5  3  73.1
2007 339  6 10  73.1
2007 339  7 10  73.1
2007 339  8 10  73.1
2007 339  9  3  73.1
2007 339 10  3  73.1
2007 339 11  3  73.1
2007 339 12  3  73.1
2007 339 13  3  73.1
2007 339 14  3  73.1
2007 339 15  7  73.1
2007 339 16  7  73.1
2007 339 17  7  73.1
2007 339 18  0  73.1
2007 339 19  0  73.1
2007 339 20  0  73.1
2007 339 21  0  73.1
2007 339 22  0  73.1
2007 339 23  0  73.1
2007 340  0  0  75.9
2007 340  1  0  75.9
2007 340  2  0  75.9
2007 340  3 13  75.9
2007 340  4 13  75.9
2007 340  5 13  75.9
2007 340  6  7  75.9
2007 340  7  7  75.9
2007 340  8  7  75.9
2007 340  9  3  75.9
2007 340 10  3  75.9
2007 340 11  3  75.9
2007 340 12 13  75.9
2007 340 13 13  75.9
2007 340 14 13  75.9
2007 340 15  3  75.9
2007 340 16  3  75.9
2007 340 17  3  75.9
2007 340 18  7  75.9
2007 340 19  7  75.9
2007 340 20  7  75.9
2007 340 21  7  75.9
2007 340 22  7  75.9
2007 340 23  7  75.9
2007 341  0  7  79.8
2007 341  1  7  79.8
2007 341  2  7  79.8
2007 341  3 10  79.8
2007 341  4 10  79.8
2007 341  5 10  79.8
2007 341  6  0  79.8
2007 341  7  0  79.8
2007 341  8  0  79.8
2007 341  9  0  79.8
2007 341 10  0  79.8
2007 341 11  0  79.8
2007 341 12  0  79.8
2007 341 13  0  79.8
2007 341 14  0  79.8
2007 341 15  0  79.8
2007 341 16  0  79.8
2007 341 17  0  79.8
2007 341 18  3  79.8
2007 341 19  3  79.8
2007 341 20  3  79.8
2007 341 21  0  79.8
2007 341 22  0  79.8
2007 341 23  0  79.8
2007 342  0  0  84.4
2007 342  1  0  84.4
2007 342  2  0  84.4
2007 342  3  0  84.4
2007 342  4  0  84.4
2007 342  5  0  84.4
2007 342  6  0  84.4
2007 342  7  0  84.4
2007 342  8  0  84.4
2007 342  9  0  84.4
2007 342 10  0  84.4
2007 342 11  0  84.4
2007 342 12  0  84.4
2007 342 13  0  84.4
2007 342 14  0  84.4
2007 342 15  0  84.4
2007 342 16  0  84.4
2007 342 17  0  84.4
2007 342 18  0  84.4
2007 342 19  0  84.4
2007 342 20  0  84.4
2007 342 21  7  84.4
2007 342 22  7  84.4
2007 342 23  7  84.4
2007 343  0 10  86.2
2007 343  1 10  86.2
2007 343  2 10  86.2
2007 343  3  7  86.2
2007 343  4  7  86.2
2007 343  5  7  86.2
2007 343  6  0  86.2
2007 343  7  0  86.2
2007 343  8  0  86.2
2007 343  9  0  86.2
2007 343 10  0  86.2
2007 343 11  0  86.2
2007 343 12  7  86.2
2007 343 13  7  86.2
2007 343 14  7  86.2
2007 343 15 13  86.2
2007 343 16 13  86.2
2007 343 17 13  86.2
2007 343 18 20  86.2
2007 343 19 20  86.2
2007 343 20 20  86.2
2007 343 21 10  86.2
2007 343 22 10  86.2
2007 343 23 10  86.2
2007 344  0  0  84.3
2007 344  1  0  84.3
2007 344  2  0  84.3
2007 344  3 17  84.3
2007 344  4 17  84.3
2007 344  5 17  84.3
2007 344  6 13  84.3
2007 344  7 13  84.3
2007 344  8 13  84.3
2007 344  9 17  84.3
2007 344 10 17  84.3
2007 344 11 17  84.3
2007 344 12 20  84.3
2007 344 13 20  84.3
2007 344 14 20  84.3
2007 344 15 20  84.3
2007 344 16 20  84.3
2007 344 17 20  84.3
2007 344 18 20  84.3
2007 344 19 20  84.3
2007 344 20 20  84.3
2007 344 21 43  84.3
2007 344 22 43  84.3
2007 344 23 43  84.3
2007 345  0 33  90.5
2007 345  1 33  90.5
2007 345  2 33  90.5
2007 345  3 30  90.5
2007 345  4 30  90.5
2007 345  5 30  90.5
2007 345  6 27  90.5
2007 345  7 27  90.5
2007 345  8 27  90.5
2007 345  9 27  90.5
2007 345 10 27  90.5
2007 345 11 27  90.5
2007 345 12 30  90.5
2007 345 13 30  90.5
2007 345 14 30  90.5
2007 345 15 33  90.5
2007 345 16 33  90.5
2007 345 17 33  90.5
2007 345 18 37  90.5
2007 345 19 37  90.5
2007 345 20 37  90.5
2007 345 21 33  90.5
2007 345 22 33  90.5
2007 345 23 33  90.5
2007 346  0 27  91.1
2007 346  1 27  91.1
2007 346  2 27  91.1
2007 346  3 30  91.1
2007 346  4 30  91.1
2007 346  5 30  91.1
2007 346  6 33  91.1
2007 346  7 33  91.1
2007 346  8 33  91.1
2007 346  9 30  91.1
2007 346 10 30  91.1
2007 346 11 30  91.1
2007 346 12 13  91.1
2007 346 13 13  91.1
2007 346 14 13  91.1
2007 346 15  7  91.1
2007 346 16  7  91.1
2007 346 17  7  91.1
2007 346 18 10  91.1
2007 346 19 10  91.1
2007 346 20 10  91.1
2007 346 21 27  91.1
2007 346 22 27  91.1
2007 346 23 27  91.1
2007 347  0 23  90.9
2007 347  1 23  90.9
2007 347  2 23  90.9
2007 347  3 27  90.9
2007 347  4 27  90.9
2007 347  5 27  90.9
2007 347  6 10  90.9
2007 347  7 10  90.9
2007 347  8 10  90.9
2007 347  9 10  90.9
2007 347 10 10  90.9
2007 347 11 10  90.9
2007 347 12 10  90.9
2007 347 13 10  90.9
2007 347 14 10  90.9
2007 347 15 10  90.9
2007 347 16 10  90.9
2007 347 17 10  90.9
2007 347 18 20  90.9
2007 347 19 20  90.9
2007 347 20 20  90.9
2007 347 21  0  90.9
2007 347 22  0  90.9
2007 347 23  0  90.9
2007 348  0  7  89.0
2007 348  1  7  89.0
2007 348  2  7  89.0
2007 348  3 17  89.0
2007 348  4 17  89.0
2007 348  5 17  89.0
2007 348  6  7  89.0
2007 348  7  7  89.0
2007 348  8  7  89.0
2007 348  9 20  89.0
2007 348 10 20  89.0
2007 348 11 20  89.0
2007 348 12  7  89.0
2007 348 13  7  89.0
2007 348 14  7  89.0
2007 348 15 10  89.0
2007 348 16 10  89.0
2007 348 17 10  89.0
2007 348 18 13  89.0
2007 348 19 13  89.0
2007 348 20 13  89.0
2007 348 21  3  89.0
2007 348 22  3  89.0
2007 348 23  3  89.0
2007 349  0  3  86.1
2007 349  1  3  86.1
2007 349  2  3  86.1
2007 349  3  3  86.1
2007 349  4  3  86.1
2007 349  5  3  86.1
2007 349  6  3  86.1
2007 349  7  3  86.1
2007 349  8  3  86.1
2007 349  9 10  86.1
2007 349 10 10  86.1
2007 349 11 10  86.1
2007 349 12  3  86.1
2007 349 13  3  86.1
2007 349 14  3  86.1
2007 349 15 10  86.1
2007 349 16 10  86.1
2007 349 17 10  86.1
2007 349 18  3  86.1
2007 349 19  3  86.1
2007 349 20  3  86.1
2007 349 21  3  86.1
2007 349 22  3  86.1
2007 349 23  3  86.1
2007 350  0  7  79.1
2007 350  1  7  79.1
2007 350  2  7  79.1
2007 350  3  7  79.1
2007 350  4  7  79.1
2007 350  5  7  79.1
2007 350  6  3  79.1
2007 350  7  3  79.1
2007 350  8  3  79.1
2007 350  9  0  79.1
2007 350 10  0  79.1
2007 350 11  0  79.1
2007 350 12  0  79.1
2007 350 13  0  79.1
2007 350 14  0  79.1
2007 350 15  7  79.1
2007 350 16  7  79.1
2007 350 17  7  79.1
2007 350 18  3  79.1
2007 350 19  3  79.1
2007 350 20  3  79.1
2007 350 21 23  79.1
2007 350 22 23  79.1
2007 350 23 23  79.1
2007 351  0 23  76.9
2007 351  1 23  76.9
2007 351  2 23  76.9
2007 351  3 27  76.9
2007 351  4 27  76.9
2007 351  5 27  76.9
2007 351  6 37  76.9
2007 351  7 37  76.9
2007 351  8 37  76.9
2007 351  9 40  76.9
2007 351 10 40  76.9
2007 351 11 40  76.9
2007 351 12 40  76.9
2007 351 13 40  76.9
2007 351 14 40  76.9
2007 351 15 37  76.9
2007 351 16 37  76.9
2007 351 17 37  76.9
2007 351 18 23  76.9
2007 351 19 23  76.9
2007 351 20 23  76.9
2007 351 21 33  76.9
2007 351 22 33  76.9
2007 351 23 33  76.9
2007 352  0 37  74.4
2007 352  1 37  74.4
2007 352  2 37  74.4
2007 352  3 37  74.4
2007 352  4 37  74.4
2007 352  5 37  74.4
2007 352  6 37  74.4
2007 352  7 37  74.4
2007 352  8 37  74.4
2007 352  9 37  74.4
2007 352 10 37  74.4
2007 352 11 37  74.4
2007 352 12 37  74.4
2007 352 13 37  74.4
2007 352 14 37  74.4
2007 352 15 33  74.4
2007 352 16 33  74.4
2007 352 17 33  74.4
2007 352 18 33  74.4
2007 352 19 33  74.4
2007 352 20 33  74.4
2007 352 21 40  74.4
2007 352 22 40  74.4
2007 352 23 40  74.4
2007 353  0 27  72.1
2007 353  1 27  72.1
2007 353  2 27  72.1
2007 353  3 33  72.1
2007 353  4 33  72.1
2007 353  5 33  72.1
2007 353  6 23  72.1
2007 353  7 23  72.1
2007 353  8 23  72.1
2007 353  9 23  72.1
2007 353 10 23  72.1
2007 353 11 23  72.1
2007 353 12 23  72.1
2007 353 13 23  72.1
2007 353 14 23  72.1
2007 353 15 17  72.1
2007 353 16 17  72.1
2007 353 17 17  72.1
2007 353 18 23  72.1
2007 353 19 23  72.1
2007 353 20 23  72.1
2007 353 21 23  72.1
2007 353 22 23  72.1
2007 353 23 23  72.1
2007 354  0 30  70.2
2007 354  1 30  70.2
2007 354  2 30  70.2
2007 354  3 30  70.2
2007 354  4 30  70.2
2007 354  5 30  70.2
2007 354  6 23  70.2
2007 354  7 23  70.2
2007 354  8 23  70.2
2007 354  9 20  70.2
2007 354 10 20  70.2
2007 354 11 20  70.2
2007 354 12 27  70.2
2007 354 13 27  70.2
2007 354 14 27  70.2
2007 354 15 40  70.2
2007 354 16 40  70.2
2007 354 17 40  70.2
2007 354 18 33  70.2
2007 354 19 33  70.2
2007 354 20 33  70.2
2007 354 21 27  70.2
2007 354 22 27  70.2
2007 354 23 27  70.2
2007 355  0 33  68.7
2007 355  1 33  68.7
2007 355  2 33  68.7
2007 355  3 33  68.7
2007 355  4 33  68.7
2007 355  5 33  68.7
2007 355  6 30  68.7
2007 355  7 30  68.7
2007 355  8 30  68.7
2007 355  9 20  68.7
2007 355 10 20  68.7
2007 355 11 20  68.7
2007 355 12 27  68.7
2007 355 13 27  68.7
2007 355 14 27  68.7
2007 355 15 33  68.7
2007 355 16 33  68.7
2007 355 17 33  68.7
2007 355 18 30  68.7
2007 355 19 30  68.7
2007 355 20 30  68.7
2007 355 21 13  68.7
2007 355 22 13  68.7
2007 355 23 13  68.7
2007 356  0 17  69.1
2007 356  1 17  69.1
2007 356  2 17  69.1
2007 356  3 23  69.1
2007 356  4 23  69.1
2007 356  5 23  69.1
2007 356  6 13  69.1
2007 356  7 13  69.1
2007 356  8 13  69.1
2007 356  9 13  69.1
2007 356 10 13  69.1
2007 356 11 13  69.1
2007 356 12 23  69.1
2007 356 13 23  69.1
2007 356 14 23  69.1
2007 356 15 23  69.1
2007 356 16 23  69.1
2007 356 17 23  69.1
2007 356 18 33  69.1
2007 356 19 33  69.1
2007 356 20 33  69.1
2007 356 21 23  69.1
2007 356 22 23  69.1
2007 356 23 23  69.1
2007 357  0 23  69.1
2007 357  1 23  69.1
2007 357  2 23  69.1
2007 357  3 23  69.1
2007 357  4 23  69.1
2007 357  5 23  69.1
2007 357  6 23  69.1
2007 357  7 23  69.1
2007 357  8 23  69.1
2007 357  9 20  69.1
2007 357 10 20  69.1
2007 357 11 20  69.1
2007 357 12 20  69.1
2007 357 13 20  69.1
2007 357 14 20  69.1
2007 357 15 20  69.1
2007 357 16 20  69.1
2007 357 17 20  69.1
2007 357 18  7  69.1
2007 357 19  7  69.1
2007 357 20  7  69.1
2007 357 21 23  69.1
2007 357 22 23  69.1
2007 357 23 23  69.1
2007 358  0  3  69.1
2007 358  1  3  69.1
2007 358  2  3  69.1
2007 358  3 10  69.1
2007 358  4 10  69.1
2007 358  5 10  69.1
2007 358  6 10  69.1
2007 358  7 10  69.1
2007 358  8 10  69.1
2007 358  9  7  69.1
2007 358 10  7  69.1
2007 358 11  7  69.1
2007 358 12  3  69.1
2007 358 13  3  69.1
2007 358 14  3  69.1
2007 358 15  3  69.1
2007 358 16  3  69.1
2007 358 17  3  69.1
2007 358 18 10  69.1
2007 358 19 10  69.1
2007 358 20 10  69.1
2007 358 21 13  69.1
2007 358 22 13  69.1
2007 358 23 13  69.1
2007 359  0  3  69.7
2007 359  1  3  69.7
2007 359  2  3  69.7
2007 359  3  0  69.7
2007 359  4  0  69.7
2007 359  5  0  69.7
2007 359  6  7  69.7
2007 359  7  7  69.7
2007 359  8  7  69.7
2007 359  9  0  69.7
2007 359 10  0  69.7
2007 359 11  0  69.7
2007 359 12  7  69.7
2007 359 13  7  69.7
2007 359 14  7  69.7
2007 359 15  3  69.7
2007 359 16  3  69.7
2007 359 17  3  69.7
2007 359 18  0  69.7
2007 359 19  0  69.7
2007 359 20  0  69.7
2007 359 21  0  69.7
2007 359 22  0  69.7
2007 359 23  0  69.7
2007 360  0  7  70.2
2007 360  1  7  70.2
2007 360  2  7  70.2
2007 360  3  0  70.2
2007 360  4  0  70.2
2007 360  5  0  70.2
2007 360  6  3  70.2
2007 360  7  3  70.2
2007 360  8  3  70.2
2007 360  9  3  70.2
2007 360 10  3  70.2
2007 360 11  3  70.2
2007 360 12  7  70.2
2007 360 13  7  70.2
2007 360 14  7  70.2
2007 360 15  7  70.2
2007 360 16  7  70.2
2007 360 17  7  70.2
2007 360 18  0  70.2
2007 360 19  0  70.2
2007 360 20  0  70.2
2007 360 21  7  70.2
2007 360 22  7  70.2
2007 360 23  7  70.2
2007 361  0  7  69.7
2007 361  1  7  69.7
2007 361  2  7  69.7
2007 361  3 17  69.7
2007 361  4 17  69.7
2007 361  5 17  69.7
2007 361  6 13  69.7
2007 361  7 13  69.7
2007 361  8 13  69.7
2007 361  9 10  69.7
2007 361 10 10  69.7
2007 361 11 10  69.7
2007 361 12 10  69.7
2007 361 13 10  69.7
2007 361 14 10  69.7
2007 361 15  7  69.7
2007 361 16  7  69.7
2007 361 17  7  69.7
2007 361 18 17  69.7
2007 361 19 17  69.7
2007 361 20 17  69.7
2007 361 21 20  69.7
2007 361 22 20  69.7
2007 361 23 20  69.7
2007 362  0 30  69.5
2007 362  1 30  69.5
2007 362  2 30  69.5
2007 362  3 23  69.5
2007 362  4 23  69.5
2007 362  5 23  69.5
2007 362  6  3  69.5
2007 362  7  3  69.5
2007 362  8  3  69.5
2007 362  9  3  69.5
2007 362 10  3  69.5
2007 362 11  3  69.5
2007 362 12  3  69.5
2007 362 13  3  69.5
2007 362 14  3  69.5
2007 362 15  3  69.5
2007 362 16  3  69.5
2007 362 17  3  69.5
2007 362 18  7  69.5
2007 362 19  7  69.5
2007 362 20  7  69.5
2007 362 21  0  69.5
2007 362 22  0  69.5
2007 362 23  0  69.5
2007 363  0  0  70.3
2007 363  1  0  70.3
2007 363  2  0  70.3
2007 363  3  0  70.3
2007 363  4  0  70.3
2007 363  5  0  70.3
2007 363  6  0  70.3
2007 363  7  0  70.3
2007 363  8  0  70.3
2007 363  9  7  70.3
2007 363 10  7  70.3
2007 363 11  7  70.3
2007 363 12  3  70.3
2007 363 13  3  70.3
2007 363 14  3  70.3
2007 363 15  0  70.3
2007 363 16  0  70.3
2007 363 17  0  70.3
2007 363 18  3  70.3
2007 363 19  3  70.3
2007 363 20  3  70.3
2007 363 21 13  70.3
2007 363 22 13  70.3
2007 363 23 13  70.3
2007 364  0 17  72.5
2007 364  1 17  72.5
2007 364  2 17  72.5
2007 364  3 17  72.5
2007 364  4 17  72.5
2007 364  5 17  72.5
2007 364  6  3  72.5
2007 364  7  3  72.5
2007 364  8  3  72.5
2007 364  9 10  72.5
2007 364 10 10  72.5
2007 364 11 10  72.5
2007 364 12 10  72.5
2007 364 13 10  72.5
2007 364 14 10  72.5
2007 364 15 13  72.5
2007 364 16 13  72.5
2007 364 17 13  72.5
2007 364 18  7  72.5
2007 364 19  7  72.5
2007 364 20  7  72.5
2007 364 21  3  72.5
2007 364 22  3  72.5
2007 364 23  3  72.5
2007 365  0  3  74.2
2007 365  1  3  74.2
2007 365  2  3  74.2
2007 365  3  7  74.2
2007 365  4  7  74.2
2007 365  5  7  74.2
2007 365  6  7  74.2
2007 365  7  7  74.2
2007 365  8  7  74.2
2007 365  9 10  74.2
2007 365 10 10  74.2
2007 365 11 10  74.2
2007 365 12 13  74.2
2007 365 13 13  74.2
2007 365 14 13  74.2
2007 365 15 13  74.2
2007 365 16 13  74.2
2007 365 17 13  74.2
2007 365 18 27  74.2
2007 365 19 27  74.2
2007 365 20 27  74.2
2007 365 21 20  74.2
2007 365 22 20  74.2
2007 365 23 20  74.2
2008   1  0 17  76.7
2008   1  1 17  76.7
2008   1  2 17  76.7
2008   1  3 17  76.7
2008   1  4 17  76.7
2008   1  5 17  76.7
2008   1  6  7  76.7
2008   1  7  7  76.7
2008   1  8  7  76.7
2008   1  9 10  76.7
2008   1 10 10  76.7
2008   1 11 10  76.7
2008   1 12  7  76.7
2008   1 13  7  76.7
2008   1 14  7  76.7
2008   1 15  7  76.7
2008   1 16  7  76.7
2008   1 17  7  76.7
2008   1 18  7  76.7
2008   1 19  7  76.7
2008   1 20  7  76.7
2008   1 21 10  76.7
2008   1 22 10  76.7
2008   1 23 10  76.7
2008   2  0  3  77.0
2008   2  1  3  77.0
2008   2  2  3  77.0
2008   2  3  0  77.0
2008   2  4  0  77.0
2008   2  5  0  77.0
2008   2  6  3  77.0
2008   2  7  3  77.0
2008   2  8  3  77.0
2008   2  9  3  77.0
2008   2 10  3  77.0
2008   2 11  3  77.0
2008   2 12  3  77.0
2008   2 13  3  77.0
2008   2 14  3  77.0
2008   2 15  7  77.0
2008   2 16  7  77.0
2008   2 17  7  77.0
2008   2 18 10  77.0
2008   2 19 10  77.0
2008   2 20 10  77.0
2008   2 21  3  77.0
2008   2 22  3  77.0
2008   2 23  3  77.0
2008   3  0  0  76.7
2008   3  1  0  76.7
2008   3  2  0  76.7
2008   3  3  7  76.7
2008   3  4  7  76.7
2008   3  5  7  76.7
2008   3  6  3  76.7
2008   3  7  3  76.7
2008   3  8  3  76.7
2008   3  9  3  76.7
2008   3 10  3  76.7
2008   3 11  3  76.7
2008   3 12  3  76.7
2008   3 13  3  76.7
2008   3 14  3  76.7
2008   3 15  0  76.7
2008   3 16  0  76.7
2008   3 17  0  76.7
2008   3 18  3  76.7
2008   3 19  3  76.7
2008   3 20  3  76.7
2008   3 21  7  76.7
2008   3 22  7  76.7
2008   3 23  7  76.7
2008   4  0  0  76.4
2008   4  1  0  76.4
2008   4  2  0  76.4
2008   4  3  0  76.4
2008   4  4  0  76.4
2008   4  5  0  76.4
2008   4  6  0  76.4
2008   4  7  0  76.4
2008   4  8  0  76.4
2008   4  9  7  76.4
2008   4 10  7  76.4
2008   4 11  7  76.4
2008   4 12  7  76.4
2008   4 13  7  76.4
2008   4 14  7  76.4
2008   4 15 10  76.4
2008   4 16 10  76.4
2008   4 17 10  76.4
2008   4 18  3  76.4
2008   4 19  3  76.4
2008   4 20  3  76.4
2008   4 21 17  76.4
2008   4 22 17  76.4
2008   4 23 17  76.4
2008   5  0 20  77.1
2008   5  1 20  77.1
2008   5  2 20  77.1
2008   5  3 30  77.1
2008   5  4 30  77.1
2008   5  5 30  77.1
2008   5  6 37  77.1
2008   5  7 37  77.1
2008   5  8 37  77.1
2008   5  9 37  77.1
2008   5 10 37  77.1
2008   5 11 37  77.1
2008   5 12 37  77.1
2008   5 13 37  77.1
2008   5 14 37  77.1
2008   5 15 30  77.1
2008   5 16 30  77.1
2008   5 17 30  77.1
2008   5 18 37  77.1
2008   5 19 37  77.1
2008   5 20 37  77.1
2008   5 21 40  77.1
2008   5 22 40  77.1
2008   5 23 40  77.1
2008   6  0 27  76.6
2008   6  1 27  76.6
2008   6  2 27  76.6
2008   6  3 37  76.6
2008   6  4 37  76.6
2008   6  5 37  76.6
2008   6  6 30  76.6
2008   6  7 30  76.6
2008   6  8 30  76.6
2008   6  9 23  76.6
2008   6 10 23  76.6
2008   6 11 23  76.6
2008   6 12 30  76.6
2008   6 13 30  76.6
2008   6 14 30  76.6
2008   6 15 37  76.6
2008   6 16 37  76.6
2008   6 17 37  76.6
2008   6 18 37  76.6
2008   6 19 37  76.6
2008   6 20 37  76.6
2008   6 21 33  76.6
2008   6 22 33  76.6
2008   6 23 33  76.6
2008   7  0 40  75.2
2008   7  1 40  75.2
2008   7  2 40  75.2
2008   7  3 37  75.2
2008   7  4 37  75.2
2008   7  5 37  75.2
2008   7  6 23  75.2
2008   7  7 23  75.2
2008   7  8 23  75.2
2008   7  9 30  75.2
2008   7 10 30  75.2
2008   7 11 30  75.2
2008   7 12 30  75.2
2008   7 13 30  75.2
2008   7 14 30  75.2
2008   7 15 13  75.2
2008   7 16 13  75.2
2008   7 17 13  75.2
2008   7 18 13  75.2
2008   7 19 13  75.2
2008   7 20 13  75.2
2008   7 21 27  75.2
2008   7 22 27  75.2
2008   7 23 27  75.2
2008   8  0 23  73.0
2008   8  1 23  73.0
2008   8  2 23  73.0
2008   8  3 30  73.0
2008   8  4 30  73.0
2008   8  5 30  73.0
2008   8  6 27  73.0
2008   8  7 27  73.0
2008   8  8 27  73.0
2008   8  9 30  73.0
2008   8 10 30  73.0
2008   8 11 30  73.0
2008   8 12 23  73.0
2008   8 13 23  73.0
2008   8 14 23  73.0
2008   8 15 37  73.0
2008   8 16 37  73.0
2008   8 17 37  73.0
2008   8 18 33  73.0
2008   8 19 33  73.0
2008   8 20 33  73.0
2008   8 21 30  73.0
2008   8 22 30  73.0
2008   8 23 30  73.0
2008   9  0 33  74.0
2008   9  1 33  74.0
2008   9  2 33  74.0
2008   9  3 23  74.0
2008   9  4 23  74.0
2008   9  5 23  74.0
2008   9  6 23  74.0
2008   9  7 23  74.0
2008   9  8 23  74.0
2008   9  9 17  74.0
2008   9 10 17  74.0
2008   9 11 17  74.0
2008   9 12 10  74.0
2008   9 13 10  74.0
2008   9 14 10  74.0
2008   9 15 10  74.0
2008   9 16 10  74.0
2008   9 17 10  74.0
2008   9 18 10  74.0
2008   9 19 10  74.0
2008   9 20 10  74.0
2008   9 21 17  74.0
2008   9 22 17  74.0
2008   9 23 17  74.0
2008  10  0 20  73.2
2008  10  1 20  73.2
2008  10  2 20  73.2
2008  10  3  7  73.2
2008  10  4  7  73.2
2008  10  5  7  73.2
2008  10  6 10  73.2
2008  10  7 10  73.2
2008  10  8 10  73.2
2008  10  9 10  73.2
2008  10 10 10  73.2
2008  10 11 10  73.2
2008  10 12 13  73.2
2008  10 13 13  73.2
2008  10 14 13  73.2
2008  10 15 10  73.2
2008  10 16 10  73.2
2008  10 17 10  73.2
2008  10 18  7  73.2
2008  10 19  7  73.2
2008  10 20  7  73.2
2008  10 21 10  73.2
2008  10 22 10  73.2
2008  10 23 10  73.2
2008  11  0 17  73.5
2008  11  1 17  73.5
2008  11  2 17  73.5
2008  11  3  7  73.5
2008  11  4  7  73.5
2008  11  5  7  73.5
2008  11  6  7  73.5
2008  11  7  7  73.5
2008  11  8  7  73.5
2008  11  9 10  73.5
2008  11 10 10  73.5
2008  11 11 10  73.5
2008  11 12  0  73.5
2008  11 13  0  73.5
2008  11 14  0  73.5
2008  11 15  3  73.5
2008  11 16  3  73.5
2008  11 17  3  73.5
2008  11 18 10  73.5
2008  11 19 10  73.5
2008  11 20 10  73.5
2008  11 21  3  73.5
2008  11 22  3  73.5
2008  11 23  3  73.5
