Year  DOY  Hour  Kp  F10.7
2015  59  0  7 121.1
2015  59  1  7 121.1
2015  59  2  7 121.1
2015  59  3 27 121.1
2015  59  4 27 121.1
2015  59  5 27 121.1
2015  59  6 23 121.1
2015  59  7 23 121.1
2015  59  8 23 121.1
2015  59  9 20 121.1
2015  59 10 20 121.1
2015  59 11 20 121.1
2015  59 12 20 121.1
2015  59 13 20 121.1
2015  59 14 20 121.1
2015  59 15 30 121.1
2015  59 16 30 121.1
2015  59 17 30 121.1
2015  59 18 37 121.1
2015  59 19 37 121.1
2015  59 20 37 121.1
2015  59 21 30 121.1
2015  59 22 30 121.1
2015  59 23 30 121.1
2015  60  0 50 125.3
2015  60  1 50 125.3
2015  60  2 50 125.3
2015  60  3 50 125.3
2015  60  4 50 125.3
2015  60  5 50 125.3
2015  60  6 53 125.3
2015  60  7 53 125.3
2015  60  8 53 125.3
2015  60  9 37 125.3
2015  60 10 37 125.3
2015  60 11 37 125.3
2015  60 12 20 125.3
2015  60 13 20 125.3
2015  60 14 20 125.3
2015  60 15 13 125.3
2015  60 16 13 125.3
2015  60 17 13 125.3
2015  60 18 23 125.3
2015  60 19 23 125.3
2015  60 20 23 125.3
2015  60 21 27 125.3
2015  60 22 27 125.3
2015  60 23 27 125.3
2015  61  0 40 128.1
2015  61  1 40 128.1
2015  61  2 40 128.1
2015  61  3 43 128.1
2015  61  4 43 128.1
2015  61  5 43 128.1
2015  61  6 53 128.1
2015  61  7 53 128.1
2015  61  8 53 128.1
2015  61  9 47 128.1
2015  61 10 47 128.1
2015  61 11 47 128.1
2015  61 12 37 128.1
2015  61 13 37 128.1
2015  61 14 37 128.1
2015  61 15 37 128.1
2015  61 16 37 128.1
2015  61 17 37 128.1
2015  61 18 30 128.1
2015  61 19 30 128.1
2015  61 20 30 128.1
2015  61 21 20 128.1
2015  61 22 20 128.1
2015  61 23 20 128.1
2015  62  0 30 122.9
2015  62  1 30 122.9
2015  62  2 30 122.9
2015  62  3 30 122.9
2015  62  4 30 122.9
2015  62  5 30 122.9
2015  62  6 20 122.9
2015  62  7 20 122.9
2015  62  8 20 122.9
2015  62  9 20 122.9
2015  62 10 20 122.9
2015  62 11 20 122.9
2015  62 12 17 122.9
2015  62 13 17 122.9
2015  62 14 17 122.9
2015  62 15 13 122.9
2015  62 16 13 122.9
2015  62 17 13 122.9
2015  62 18 23 122.9
2015  62 19 23 122.9
2015  62 20 23 122.9
2015  62 21 33 122.9
2015  62 22 33 122.9
2015  62 23 33 122.9
2015  63  0 20 122.1
2015  63  1 20 122.1
2015  63  2 20 122.1
2015  63  3 13 122.1
2015  63  4 13 122.1
2015  63  5 13 122.1
2015  63  6 17 122.1
2015  63  7 17 122.1
2015  63  8 17 122.1
2015  63  9 33 122.1
2015  63 10 33 122.1
2015  63 11 33 122.1
2015  63 12 30 122.1
2015  63 13 30 122.1
2015  63 14 30 122.1
2015  63 15  3 122.1
2015  63 16  3 122.1
2015  63 17  3 122.1
2015  63 18 17 122.1
2015  63 19 17 122.1
2015  63 20 17 122.1
2015  63 21 27 122.1
2015  63 22 27 122.1
2015  63 23 27 122.1
2015  64  0 13 137.9
2015  64  1 13 137.9
2015  64  2 13 137.9
2015  64  3  3 137.9
2015  64  4  3 137.9
2015  64  5  3 137.9
2015  64  6  3 137.9
2015  64  7  3 137.9
2015  64  8  3 137.9
2015  64  9 13 137.9
2015  64 10 13 137.9
2015  64 11 13 137.9
2015  64 12 20 137.9
2015  64 13 20 137.9
2015  64 14 20 137.9
2015  64 15 23 137.9
2015  64 16 23 137.9
2015  64 17 23 137.9
2015  64 18 17 137.9
2015  64 19 17 137.9
2015  64 20 17 137.9
2015  64 21 13 137.9
2015  64 22 13 137.9
2015  64 23 13 137.9
2015  65  0 13 125.4
2015  65  1 13 125.4
2015  65  2 13 125.4
2015  65  3 27 125.4
2015  65  4 27 125.4
2015  65  5 27 125.4
2015  65  6 37 125.4
2015  65  7 37 125.4
2015  65  8 37 125.4
2015  65  9 20 125.4
2015  65 10 20 125.4
2015  65 11 20 125.4
2015  65 12 17 125.4
2015  65 13 17 125.4
2015  65 14 17 125.4
2015  65 15 17 125.4
2015  65 16 17 125.4
2015  65 17 17 125.4
2015  65 18 20 125.4
2015  65 19 20 125.4
2015  65 20 20 125.4
2015  65 21 30 125.4
2015  65 22 30 125.4
2015  65 23 30 125.4
2015  66  0 37 135.7
2015  66  1 37 135.7
2015  66  2 37 135.7
2015  66  3 43 135.7
2015  66  4 43 135.7
2015  66  5 43 135.7
2015  66  6 33 135.7
2015  66  7 33 135.7
2015  66  8 33 135.7
2015  66  9 33 135.7
2015  66 10 33 135.7
2015  66 11 33 135.7
2015  66 12 30 135.7
2015  66 13 30 135.7
2015  66 14 30 135.7
2015  66 15 37 135.7
2015  66 16 37 135.7
2015  66 17 37 135.7
2015  66 18 33 135.7
2015  66 19 33 135.7
2015  66 20 33 135.7
2015  66 21 37 135.7
2015  66 22 37 135.7
2015  66 23 37 135.7
2015  67  0 27 122.3
2015  67  1 27 122.3
2015  67  2 27 122.3
2015  67  3 23 122.3
2015  67  4 23 122.3
2015  67  5 23 122.3
2015  67  6 27 122.3
2015  67  7 27 122.3
2015  67  8 27 122.3
2015  67  9 30 122.3
2015  67 10 30 122.3
2015  67 11 30 122.3
2015  67 12 37 122.3
2015  67 13 37 122.3
2015  67 14 37 122.3
2015  67 15 20 122.3
2015  67 16 20 122.3
2015  67 17 20 122.3
2015  67 18 17 122.3
2015  67 19 17 122.3
2015  67 20 17 122.3
2015  67 21  3 122.3
2015  67 22  3 122.3
2015  67 23  3 122.3
2015  68  0 33 121.2
2015  68  1 33 121.2
2015  68  2 33 121.2
2015  68  3 23 121.2
2015  68  4 23 121.2
2015  68  5 23 121.2
2015  68  6  3 121.2
2015  68  7  3 121.2
2015  68  8  3 121.2
2015  68  9  0 121.2
2015  68 10  0 121.2
2015  68 11  0 121.2
2015  68 12  7 121.2
2015  68 13  7 121.2
2015  68 14  7 121.2
2015  68 15 10 121.2
2015  68 16 10 121.2
2015  68 17 10 121.2
2015  68 18  3 121.2
2015  68 19  3 121.2
2015  68 20  3 121.2
2015  68 21 10 121.2
2015  68 22 10 121.2
2015  68 23 10 121.2
2015  69  0 13 119.2
2015  69  1 13 119.2
2015  69  2 13 119.2
2015  69  3 13 119.2
2015  69  4 13 119.2
2015  69  5 13 119.2
2015  69  6 17 119.2
2015  69  7 17 119.2
2015  69  8 17 119.2
2015  69  9 13 119.2
2015  69 10 13 119.2
2015  69 11 13 119.2
2015  69 12  7 119.2
2015  69 13  7 119.2
2015  69 14  7 119.2
2015  69 15  3 119.2
2015  69 16  3 119.2
2015  69 17  3 119.2
2015  69 18 10 119.2
2015  69 19 10 119.2
2015  69 20 10 119.2
2015  69 21  3 119.2
2015  69 22  3 119.2
2015  69 23  3 119.2
2015  70  0  3 129.9
2015  70  1  3 129.9
2015  70  2  3 129.9
2015  70  3 30 129.9
2015  70  4 30 129.9
2015  70  5 30 129.9
2015  70  6 27 129.9
2015  70  7 27 129.9
2015  70  8 27 129.9
2015  70  9 17 129.9
2015  70 10 17 129.9
2015  70 11 17 129.9
2015  70 12 23 129.9
2015  70 13 23 129.9
2015  70 14 23 129.9
2015  70 15 27 129.9
2015  70 16 27 129.9
2015  70 17 27 129.9
2015  70 18 23 129.9
2015  70 19 23 129.9
2015  70 20 23 129.9
2015  70 21 10 129.9
2015  70 22 10 129.9
2015  70 23 10 129.9
2015  71  0 17 125.1
2015  71  1 17 125.1
2015  71  2 17 125.1
2015  71  3 33 125.1
2015  71  4 33 125.1
2015  71  5 33 125.1
2015  71  6 23 125.1
2015  71  7 23 125.1
2015  71  8 23 125.1
2015  71  9 23 125.1
2015  71 10 23 125.1
2015  71 11 23 125.1
2015  71 12 23 125.1
2015  71 13 23 125.1
2015  71 14 23 125.1
2015  71 15 20 125.1
2015  71 16 20 125.1
2015  71 17 20 125.1
2015  71 18  7 125.1
2015  71 19  7 125.1
2015  71 20  7 125.1
2015  71 21  0 125.1
2015  71 22  0 125.1
2015  71 23  0 125.1
2015  72  0 10 117.9
2015  72  1 10 117.9
2015  72  2 10 117.9
2015  72  3  3 117.9
2015  72  4  3 117.9
2015  72  5  3 117.9
2015  72  6  3 117.9
2015  72  7  3 117.9
2015  72  8  3 117.9
2015  72  9 17 117.9
2015  72 10 17 117.9
2015  72 11 17 117.9
2015  72 12 33 117.9
2015  72 13 33 117.9
2015  72 14 33 117.9
2015  72 15 20 117.9
2015  72 16 20 117.9
2015  72 17 20 117.9
2015  72 18 10 117.9
2015  72 19 10 117.9
2015  72 20 10 117.9
2015  72 21 10 117.9
2015  72 22 10 117.9
2015  72 23 10 117.9
2015  73  0  3 114.3
2015  73  1  3 114.3
2015  73  2  3 114.3
2015  73  3 23 114.3
2015  73  4 23 114.3
2015  73  5 23 114.3
2015  73  6 17 114.3
2015  73  7 17 114.3
2015  73  8 17 114.3
2015  73  9 13 114.3
2015  73 10 13 114.3
2015  73 11 13 114.3
2015  73 12 17 114.3
2015  73 13 17 114.3
2015  73 14 17 114.3
2015  73 15  7 114.3
2015  73 16  7 114.3
2015  73 17  7 114.3
2015  73 18  3 114.3
2015  73 19  3 114.3
2015  73 20  3 114.3
2015  73 21 23 114.3
2015  73 22 23 114.3
2015  73 23 23 114.3
2015  74  0 20 113.1
2015  74  1 20 113.1
2015  74  2 20 113.1
2015  74  3 20 113.1
2015  74  4 20 113.1
2015  74  5 20 113.1
2015  74  6 27 113.1
2015  74  7 27 113.1
2015  74  8 27 113.1
2015  74  9 13 113.1
2015  74 10 13 113.1
2015  74 11 13 113.1
2015  74 12 13 113.1
2015  74 13 13 113.1
2015  74 14 13 113.1
2015  74 15 13 113.1
2015  74 16 13 113.1
2015  74 17 13 113.1
2015  74 18 20 113.1
2015  74 19 20 113.1
2015  74 20 20 113.1
2015  74 21 10 113.1
2015  74 22 10 113.1
2015  74 23 10 113.1
2015  75  0 17 116.0
2015  75  1 17 116.0
2015  75  2 17 116.0
2015  75  3 33 116.0
2015  75  4 33 116.0
2015  75  5 33 116.0
2015  75  6 37 116.0
2015  75  7 37 116.0
2015  75  8 37 116.0
2015  75  9 30 116.0
2015  75 10 30 116.0
2015  75 11 30 116.0
2015  75 12 27 116.0
2015  75 13 27 116.0
2015  75 14 27 116.0
2015  75 15 27 116.0
2015  75 16 27 116.0
2015  75 17 27 116.0
2015  75 18 13 116.0
2015  75 19 13 116.0
2015  75 20 13 116.0
2015  75 21  3 116.0
2015  75 22  3 116.0
2015  75 23  3 116.0
2015  76  0 20 113.2
2015  76  1 20 113.2
2015  76  2 20 113.2
2015  76  3 47 113.2
2015  76  4 47 113.2
2015  76  5 47 113.2
2015  76  6 57 113.2
2015  76  7 57 113.2
2015  76  8 57 113.2
2015  76  9 53 113.2
2015  76 10 53 113.2
2015  76 11 53 113.2
2015  76 12 77 113.2
2015  76 13 77 113.2
2015  76 14 77 113.2
2015  76 15 77 113.2
2015  76 16 77 113.2
2015  76 17 77 113.2
2015  76 18 73 113.2
2015  76 19 73 113.2
2015  76 20 73 113.2
2015  76 21 77 113.2
2015  76 22 77 113.2
2015  76 23 77 113.2
2015  77  0 60 113.7
2015  77  1 60 113.7
2015  77  2 60 113.7
2015  77  3 47 113.7
2015  77  4 47 113.7
2015  77  5 47 113.7
2015  77  6 43 113.7
2015  77  7 43 113.7
2015  77  8 43 113.7
2015  77  9 43 113.7
2015  77 10 43 113.7
2015  77 11 43 113.7
2015  77 12 53 113.7
2015  77 13 53 113.7
2015  77 14 53 113.7
2015  77 15 53 113.7
2015  77 16 53 113.7
2015  77 17 53 113.7
2015  77 18 47 113.7
2015  77 19 47 113.7
2015  77 20 47 113.7
2015  77 21 47 113.7
2015  77 22 47 113.7
2015  77 23 47 113.7
2015  78  0 43 108.3
2015  78  1 43 108.3
2015  78  2 43 108.3
2015  78  3 40 108.3
2015  78  4 40 108.3
2015  78  5 40 108.3
2015  78  6 37 108.3
2015  78  7 37 108.3
2015  78  8 37 108.3
2015  78  9 50 108.3
2015  78 10 50 108.3
2015  78 11 50 108.3
2015  78 12 43 108.3
2015  78 13 43 108.3
2015  78 14 43 108.3
2015  78 15 30 108.3
2015  78 16 30 108.3
2015  78 17 30 108.3
2015  78 18 23 108.3
2015  78 19 23 108.3
2015  78 20 23 108.3
2015  78 21 37 108.3
2015  78 22 37 108.3
2015  78 23 37 108.3
2015  79  0 47 111.8
2015  79  1 47 111.8
2015  79  2 47 111.8
2015  79  3 30 111.8
2015  79  4 30 111.8
2015  79  5 30 111.8
2015  79  6 47 111.8
2015  79  7 47 111.8
2015  79  8 47 111.8
2015  79  9 30 111.8
2015  79 10 30 111.8
2015  79 11 30 111.8
2015  79 12 27 111.8
2015  79 13 27 111.8
2015  79 14 27 111.8
2015  79 15 23 111.8
2015  79 16 23 111.8
2015  79 17 23 111.8
2015  79 18 33 111.8
2015  79 19 33 111.8
2015  79 20 33 111.8
2015  79 21 43 111.8
2015  79 22 43 111.8
2015  79 23 43 111.8
2015  80  0 40 112.7
2015  80  1 40 112.7
2015  80  2 40 112.7
2015  80  3 27 112.7
2015  80  4 27 112.7
2015  80  5 27 112.7
2015  80  6 33 112.7
2015  80  7 33 112.7
2015  80  8 33 112.7
2015  80  9 27 112.7
2015  80 10 27 112.7
2015  80 11 27 112.7
2015  80 12 23 112.7
2015  80 13 23 112.7
2015  80 14 23 112.7
2015  80 15 17 112.7
2015  80 16 17 112.7
2015  80 17 17 112.7
2015  80 18 17 112.7
2015  80 19 17 112.7
2015  80 20 17 112.7
2015  80 21 13 112.7
2015  80 22 13 112.7
2015  80 23 13 112.7
2015  81  0 23 121.5
2015  81  1 23 121.5
2015  81  2 23 121.5
2015  81  3 33 121.5
2015  81  4 33 121.5
2015  81  5 33 121.5
2015  81  6 63 121.5
2015  81  7 63 121.5
2015  81  8 63 121.5
2015  81  9 47 121.5
2015  81 10 47 121.5
2015  81 11 47 121.5
2015  81 12 33 121.5
2015  81 13 33 121.5
2015  81 14 33 121.5
2015  81 15 10 121.5
2015  81 16 10 121.5
2015  81 17 10 121.5
2015  81 18 10 121.5
2015  81 19 10 121.5
2015  81 20 10 121.5
2015  81 21 10 121.5
2015  81 22 10 121.5
2015  81 23 10 121.5
2015  82  0 37 127.2
2015  82  1 37 127.2
2015  82  2 37 127.2
2015  82  3 43 127.2
2015  82  4 43 127.2
2015  82  5 43 127.2
2015  82  6 23 127.2
2015  82  7 23 127.2
2015  82  8 23 127.2
2015  82  9 30 127.2
2015  82 10 30 127.2
2015  82 11 30 127.2
2015  82 12 37 127.2
2015  82 13 37 127.2
2015  82 14 37 127.2
2015  82 15 30 127.2
2015  82 16 30 127.2
2015  82 17 30 127.2
2015  82 18 27 127.2
2015  82 19 27 127.2
2015  82 20 27 127.2
2015  82 21 37 127.2
2015  82 22 37 127.2
2015  82 23 37 127.2
2015  83  0 17 132.2
2015  83  1 17 132.2
2015  83  2 17 132.2
2015  83  3 13 132.2
2015  83  4 13 132.2
2015  83  5 13 132.2
2015  83  6 13 132.2
2015  83  7 13 132.2
2015  83  8 13 132.2
2015  83  9 23 132.2
2015  83 10 23 132.2
2015  83 11 23 132.2
2015  83 12 33 132.2
2015  83 13 33 132.2
2015  83 14 33 132.2
2015  83 15 37 132.2
2015  83 16 37 132.2
2015  83 17 37 132.2
2015  83 18 17 132.2
2015  83 19 17 132.2
2015  83 20 17 132.2
2015  83 21 20 132.2
2015  83 22 20 132.2
2015  83 23 20 132.2
2015  84  0 20 137.0
2015  84  1 20 137.0
2015  84  2 20 137.0
2015  84  3 23 137.0
2015  84  4 23 137.0
2015  84  5 23 137.0
2015  84  6 27 137.0
2015  84  7 27 137.0
2015  84  8 27 137.0
2015  84  9 33 137.0
2015  84 10 33 137.0
2015  84 11 33 137.0
2015  84 12 37 137.0
2015  84 13 37 137.0
2015  84 14 37 137.0
2015  84 15 27 137.0
2015  84 16 27 137.0
2015  84 17 27 137.0
2015  84 18 33 137.0
2015  84 19 33 137.0
2015  84 20 33 137.0
2015  84 21 20 137.0
2015  84 22 20 137.0
2015  84 23 20 137.0
2015  85  0 23 135.5
2015  85  1 23 135.5
2015  85  2 23 135.5
2015  85  3 13 135.5
2015  85  4 13 135.5
2015  85  5 13 135.5
2015  85  6 17 135.5
2015  85  7 17 135.5
2015  85  8 17 135.5
2015  85  9  7 135.5
2015  85 10  7 135.5
2015  85 11  7 135.5
2015  85 12 20 135.5
2015  85 13 20 135.5
2015  85 14 20 135.5
2015  85 15 23 135.5
2015  85 16 23 135.5
2015  85 17 23 135.5
2015  85 18 20 135.5
2015  85 19 20 135.5
2015  85 20 20 135.5
2015  85 21 30 135.5
2015  85 22 30 135.5
2015  85 23 30 135.5
2015  86  0 30 137.2
2015  86  1 30 137.2
2015  86  2 30 137.2
2015  86  3 23 137.2
2015  86  4 23 137.2
2015  86  5 23 137.2
2015  86  6 23 137.2
2015  86  7 23 137.2
2015  86  8 23 137.2
2015  86  9 13 137.2
2015  86 10 13 137.2
2015  86 11 13 137.2
2015  86 12 23 137.2
2015  86 13 23 137.2
2015  86 14 23 137.2
2015  86 15 13 137.2
2015  86 16 13 137.2
2015  86 17 13 137.2
2015  86 18 10 137.2
2015  86 19 10 137.2
2015  86 20 10 137.2
2015  86 21 13 137.2
2015  86 22 13 137.2
2015  86 23 13 137.2
2015  87  0  0 145.1
2015  87  1  0 145.1
2015  87  2  0 145.1
2015  87  3 17 145.1
2015  87  4 17 145.1
2015  87  5 17 145.1
2015  87  6 33 145.1
2015  87  7 33 145.1
2015  87  8 33 145.1
2015  87  9 17 145.1
2015  87 10 17 145.1
2015  87 11 17 145.1
2015  87 12 17 145.1
2015  87 13 17 145.1
2015  87 14 17 145.1
2015  87 15 23 145.1
2015  87 16 23 145.1
2015  87 17 23 145.1
2015  87 18 20 145.1
2015  87 19 20 145.1
2015  87 20 20 145.1
2015  87 21 27 145.1
2015  87 22 27 145.1
2015  87 23 27 145.1
2015  88  0 40 144.0
2015  88  1 40 144.0
2015  88  2 40 144.0
2015  88  3 33 144.0
2015  88  4 33 144.0
2015  88  5 33 144.0
2015  88  6 23 144.0
2015  88  7 23 144.0
2015  88  8 23 144.0
2015  88  9 17 144.0
2015  88 10 17 144.0
2015  88 11 17 144.0
2015  88 12 20 144.0
2015  88 13 20 144.0
2015  88 14 20 144.0
2015  88 15 17 144.0
2015  88 16 17 144.0
2015  88 17 17 144.0
2015  88 18 20 144.0
2015  88 19 20 144.0
2015  88 20 20 144.0
2015  88 21 20 144.0
2015  88 22 20 144.0
2015  88 23 20 144.0
2015  89  0 17 133.3
2015  89  1 17 133.3
2015  89  2 17 133.3
2015  89  3 20 133.3
2015  89  4 20 133.3
2015  89  5 20 133.3
2015  89  6  7 133.3
2015  89  7  7 133.3
2015  89  8  7 133.3
2015  89  9  7 133.3
2015  89 10  7 133.3
2015  89 11  7 133.3
2015  89 12  3 133.3
2015  89 13  3 133.3
2015  89 14  3 133.3
2015  89 15  3 133.3
2015  89 16  3 133.3
2015  89 17  3 133.3
2015  89 18  7 133.3
2015  89 19  7 133.3
2015  89 20  7 133.3
2015  89 21 17 133.3
2015  89 22 17 133.3
2015  89 23 17 133.3
2015  90  0  3 127.8
2015  90  1  3 127.8
2015  90  2  3 127.8
2015  90  3  7 127.8
2015  90  4  7 127.8
2015  90  5  7 127.8
2015  90  6 23 127.8
2015  90  7 23 127.8
2015  90  8 23 127.8
2015  90  9 23 127.8
2015  90 10 23 127.8
2015  90 11 23 127.8
2015  90 12 30 127.8
2015  90 13 30 127.8
2015  90 14 30 127.8
2015  90 15 30 127.8
2015  90 16 30 127.8
2015  90 17 30 127.8
2015  90 18 27 127.8
2015  90 19 27 127.8
2015  90 20 27 127.8
2015  90 21 20 127.8
2015  90 22 20 127.8
2015  90 23 20 127.8
2015  91  0 13 123.9
2015  91  1 13 123.9
2015  91  2 13 123.9
2015  91  3 10 123.9
2015  91  4 10 123.9
2015  91  5 10 123.9
2015  91  6 13 123.9
2015  91  7 13 123.9
2015  91  8 13 123.9
2015  91  9 17 123.9
2015  91 10 17 123.9
2015  91 11 17 123.9
2015  91 12 13 123.9
2015  91 13 13 123.9
2015  91 14 13 123.9
2015  91 15 30 123.9
2015  91 16 30 123.9
2015  91 17 30 123.9
2015  91 18 20 123.9
2015  91 19 20 123.9
2015  91 20 20 123.9
2015  91 21 20 123.9
2015  91 22 20 123.9
2015  91 23 20 123.9
2015  92  0  7 121.2
2015  92  1  7 121.2
2015  92  2  7 121.2
2015  92  3 17 121.2
2015  92  4 17 121.2
2015  92  5 17 121.2
2015  92  6 20 121.2
2015  92  7 20 121.2
2015  92  8 20 121.2
2015  92  9 23 121.2
2015  92 10 23 121.2
2015  92 11 23 121.2
2015  92 12 23 121.2
2015  92 13 23 121.2
2015  92 14 23 121.2
2015  92 15 23 121.2
2015  92 16 23 121.2
2015  92 17 23 121.2
2015  92 18 33 121.2
2015  92 19 33 121.2
2015  92 20 33 121.2
2015  92 21 47 121.2
2015  92 22 47 121.2
2015  92 23 47 121.2
2015  93  0 33 119.8
2015  93  1 33 119.8
2015  93  2 33 119.8
2015  93  3 27 119.8
2015  93  4 27 119.8
2015  93  5 27 119.8
2015  93  6 23 119.8
2015  93  7 23 119.8
2015  93  8 23 119.8
2015  93  9 23 119.8
2015  93 10 23 119.8
2015  93 11 23 119.8
2015  93 12 30 119.8
2015  93 13 30 119.8
2015  93 14 30 119.8
2015  93 15 27 119.8
2015  93 16 27 119.8
2015  93 17 27 119.8
2015  93 18 20 119.8
2015  93 19 20 119.8
2015  93 20 20 119.8
2015  93 21 30 119.8
2015  93 22 30 119.8
2015  93 23 30 119.8
2015  94  0 30 122.4
2015  94  1 30 122.4
2015  94  2 30 122.4
2015  94  3 27 122.4
2015  94  4 27 122.4
2015  94  5 27 122.4
2015  94  6 17 122.4
2015  94  7 17 122.4
2015  94  8 17 122.4
2015  94  9 23 122.4
2015  94 10 23 122.4
2015  94 11 23 122.4
2015  94 12 30 122.4
2015  94 13 30 122.4
2015  94 14 30 122.4
2015  94 15 33 122.4
2015  94 16 33 122.4
2015  94 17 33 122.4
2015  94 18 20 122.4
2015  94 19 20 122.4
2015  94 20 20 122.4
2015  94 21 17 122.4
2015  94 22 17 122.4
2015  94 23 17 122.4
2015  95  0 17 122.3
2015  95  1 17 122.3
2015  95  2 17 122.3
2015  95  3 20 122.3
2015  95  4 20 122.3
2015  95  5 20 122.3
2015  95  6 13 122.3
2015  95  7 13 122.3
2015  95  8 13 122.3
2015  95  9  7 122.3
2015  95 10  7 122.3
2015  95 11  7 122.3
2015  95 12 10 122.3
2015  95 13 10 122.3
2015  95 14 10 122.3
2015  95 15 17 122.3
2015  95 16 17 122.3
2015  95 17 17 122.3
2015  95 18 10 122.3
2015  95 19 10 122.3
2015  95 20 10 122.3
2015  95 21 30 122.3
2015  95 22 30 122.3
2015  95 23 30 122.3
2015  96  0 23 125.8
2015  96  1 23 125.8
2015  96  2 23 125.8
2015  96  3 23 125.8
2015  96  4 23 125.8
2015  96  5 23 125.8
2015  96  6 17 125.8
2015  96  7 17 125.8
2015  96  8 17 125.8
2015  96  9  7 125.8
2015  96 10  7 125.8
2015  96 11  7 125.8
2015  96 12 17 125.8
2015  96 13 17 125.8
2015  96 14 17 125.8
2015  96 15  7 125.8
2015  96 16  7 125.8
2015  96 17  7 125.8
2015  96 18  7 125.8
2015  96 19  7 125.8
2015  96 20  7 125.8
2015  96 21 10 125.8
2015  96 22 10 125.8
2015  96 23 10 125.8
2015  97  0 20 111.4
2015  97  1 20 111.4
2015  97  2 20 111.4
2015  97  3 23 111.4
2015  97  4 23 111.4
2015  97  5 23 111.4
2015  97  6  3 111.4
2015  97  7  3 111.4
2015  97  8  3 111.4
2015  97  9  0 111.4
2015  97 10  0 111.4
2015  97 11  0 111.4
2015  97 12  7 111.4
2015  97 13  7 111.4
2015  97 14  7 111.4
2015  97 15  7 111.4
2015  97 16  7 111.4
2015  97 17  7 111.4
2015  97 18 13 111.4
2015  97 19 13 111.4
2015  97 20 13 111.4
2015  97 21  3 111.4
2015  97 22  3 111.4
2015  97 23  3 111.4
2015  98  0 10 106.3
2015  98  1 10 106.3
2015  98  2 10 106.3
2015  98  3  3 106.3
2015  98  4  3 106.3
2015  98  5  3 106.3
2015  98  6  0 106.3
2015  98  7  0 106.3
2015  98  8  0 106.3
2015  98  9  0 106.3
2015  98 10  0 106.3
2015  98 11  0 106.3
2015  98 12 10 106.3
2015  98 13 10 106.3
2015  98 14 10 106.3
2015  98 15 10 106.3
2015  98 16 10 106.3
2015  98 17 10 106.3
2015  98 18 17 106.3
2015  98 19 17 106.3
2015  98 20 17 106.3
2015  98 21  7 106.3
2015  98 22  7 106.3
2015  98 23  7 106.3
2015  99  0 23 111.6
2015  99  1 23 111.6
2015  99  2 23 111.6
2015  99  3 30 111.6
2015  99  4 30 111.6
2015  99  5 30 111.6
2015  99  6 27 111.6
2015  99  7 27 111.6
2015  99  8 27 111.6
2015  99  9 27 111.6
2015  99 10 27 111.6
2015  99 11 27 111.6
2015  99 12 23 111.6
2015  99 13 23 111.6
2015  99 14 23 111.6
2015  99 15 27 111.6
2015  99 16 27 111.6
2015  99 17 27 111.6
2015  99 18 20 111.6
2015  99 19 20 111.6
2015  99 20 20 111.6
2015  99 21 27 111.6
2015  99 22 27 111.6
2015  99 23 27 111.6
2015 100  0 53 115.5
2015 100  1 53 115.5
2015 100  2 53 115.5
2015 100  3 50 115.5
2015 100  4 50 115.5
2015 100  5 50 115.5
2015 100  6 53 115.5
2015 100  7 53 115.5
2015 100  8 53 115.5
2015 100  9 43 115.5
2015 100 10 43 115.5
2015 100 11 43 115.5
2015 100 12 43 115.5
2015 100 13 43 115.5
2015 100 14 43 115.5
2015 100 15 33 115.5
2015 100 16 33 115.5
2015 100 17 33 115.5
2015 100 18 30 115.5
2015 100 19 30 115.5
2015 100 20 30 115.5
2015 100 21 20 115.5
2015 100 22 20 115.5
2015 100 23 20 115.5
2015 101  0 40 123.5
2015 101  1 40 123.5
2015 101  2 40 123.5
2015 101  3 40 123.5
2015 101  4 40 123.5
2015 101  5 40 123.5
2015 101  6 37 123.5
2015 101  7 37 123.5
2015 101  8 37 123.5
2015 101  9 33 123.5
2015 101 10 33 123.5
2015 101 11 33 123.5
2015 101 12 27 123.5
2015 101 13 27 123.5
2015 101 14 27 123.5
2015 101 15 27 123.5
2015 101 16 27 123.5
2015 101 17 27 123.5
2015 101 18 23 123.5
2015 101 19 23 123.5
2015 101 20 23 123.5
2015 101 21 13 123.5
2015 101 22 13 123.5
2015 101 23 13 123.5
