Year  DOY  Hour  Kp  F10.7
2023 244  0 27
2023 244  1 27
2023 244  2 27
2023 244  3 27
2023 244  4 27
2023 244  5 27
2023 244  6 27
2023 244  7 27
2023 244  8 27
2023 244  9 30
2023 244 10 30
2023 244 11 30
2023 244 12 33
2023 244 13 33
2023 244 14 33
2023 244 15 27
2023 244 16 27
2023 244 17 27
2023 244 18 27
2023 244 19 27
2023 244 20 27
2023 244 21 13
2023 244 22 13
2023 244 23 13
2023 245  0 33
2023 245  1 33
2023 245  2 33
2023 245  3 43
2023 245  4 43
2023 245  5 43
2023 245  6 47
2023 245  7 47
2023 245  8 47
2023 245  9 47
2023 245 10 47
2023 245 11 47
2023 245 12 50
2023 245 13 50
2023 245 14 50
2023 245 15 43
2023 245 16 43
2023 245 17 43
2023 245 18 43
2023 245 19 43
2023 245 20 43
2023 245 21 53
2023 245 22 53
2023 245 23 53
2023 246  0 53
2023 246  1 53
2023 246  2 53
2023 246  3 37
2023 246  4 37
2023 246  5 37
2023 246  6 43
2023 246  7 43
2023 246  8 43
2023 246  9 33
2023 246 10 33
2023 246 11 33
2023 246 12 33
2023 246 13 33
2023 246 14 33
2023 246 15 30
2023 246 16 30
2023 246 17 30
2023 246 18 13
2023 246 19 13
2023 246 20 13
2023 246 21 30
2023 246 22 30
2023 246 23 30
2023 247  0 27
2023 247  1 27
2023 247  2 27
2023 247  3 23
2023 247  4 23
2023 247  5 23
2023 247  6 10
2023 247  7 10
2023 247  8 10
2023 247  9 10
2023 247 10 10
2023 247 11 10
2023 247 12 13
2023 247 13 13
2023 247 14 13
2023 247 15 20
2023 247 16 20
2023 247 17 20
2023 247 18 20
2023 247 19 20
2023 247 20 20
2023 247 21  0
2023 247 22  0
2023 247 23  0
2023 248  0  7
2023 248  1  7
2023 248  2  7
2023 248  3  7
2023 248  4  7
2023 248  5  7
2023 248  6  3
2023 248  7  3
2023 248  8  3
2023 248  9 10
2023 248 10 10
2023 248 11 10
2023 248 12 17
2023 248 13 17
2023 248 14 17
2023 248 15 40
2023 248 16 40
2023 248 17 40
2023 248 18 37
2023 248 19 37
2023 248 20 37
2023 248 21 17
2023 248 22 17
2023 248 23 17
2023 249  0 17
2023 249  1 17
2023 249  2 17
2023 249  3  7
2023 249  4  7
2023 249  5  7
2023 249  6 20
2023 249  7 20
2023 249  8 20
2023 249  9  7
2023 249 10  7
2023 249 11  7
2023 249 12 33
2023 249 13 33
2023 249 14 33
2023 249 15 23
2023 249 16 23
2023 249 17 23
2023 249 18  7
2023 249 19  7
2023 249 20  7
2023 249 21  3
2023 249 22  3
2023 249 23  3
2023 250  0 20
2023 250  1 20
2023 250  2 20
2023 250  3  7
2023 250  4  7
2023 250  5  7
2023 250  6  7
2023 250  7  7
2023 250  8  7
2023 250  9 10
2023 250 10 10
2023 250 11 10
2023 250 12 17
2023 250 13 17
2023 250 14 17
2023 250 15 17
2023 250 16 17
2023 250 17 17
2023 250 18 13
2023 250 19 13
2023 250 20 13
2023 250 21 17
2023 250 22 17
2023 250 23 17
2023 251  0 27
2023 251  1 27
2023 251  2 27
2023 251  3 13
2023 251  4 13
2023 251  5 13
2023 251  6  0
2023 251  7  0
2023 251  8  0
2023 251  9  7
2023 251 10  7
2023 251 11  7
2023 251 12 13
2023 251 13 13
2023 251 14 13
2023 251 15 23
2023 251 16 23
2023 251 17 23
2023 251 18 13
2023 251 19 13
2023 251 20 13
2023 251 21  3
2023 251 22  3
2023 251 23  3
2023 252  0 27
2023 252  1 27
2023 252  2 27
2023 252  3 13
2023 252  4 13
2023 252  5 13
2023 252  6 13
2023 252  7 13
2023 252  8 13
2023 252  9 27
2023 252 10 27
2023 252 11 27
2023 252 12 27
2023 252 13 27
2023 252 14 27
2023 252 15 23
2023 252 16 23
2023 252 17 23
2023 252 18  7
2023 252 19  7
2023 252 20  7
2023 252 21  3
2023 252 22  3
2023 252 23  3
2023 253  0 10
2023 253  1 10
2023 253  2 10
2023 253  3  0
2023 253  4  0
2023 253  5  0
2023 253  6  0
2023 253  7  0
2023 253  8  0
2023 253  9  3
2023 253 10  3
2023 253 11  3
2023 253 12  0
2023 253 13  0
2023 253 14  0
2023 253 15 10
2023 253 16 10
2023 253 17 10
2023 253 18  7
2023 253 19  7
2023 253 20  7
2023 253 21 13
2023 253 22 13
2023 253 23 13
2023 254  0 10
2023 254  1 10
2023 254  2 10
2023 254  3 13
2023 254  4 13
2023 254  5 13
2023 254  6  7
2023 254  7  7
2023 254  8  7
2023 254  9 17
2023 254 10 17
2023 254 11 17
2023 254 12 17
2023 254 13 17
2023 254 14 17
2023 254 15 13
2023 254 16 13
2023 254 17 13
2023 254 18 13
2023 254 19 13
2023 254 20 13
2023 254 21 20
2023 254 22 20
2023 254 23 20
2023 255  0  7
2023 255  1  7
2023 255  2  7
2023 255  3  3
2023 255  4  3
2023 255  5  3
2023 255  6  7
2023 255  7  7
2023 255  8  7
2023 255  9 30
2023 255 10 30
2023 255 11 30
2023 255 12 53
2023 255 13 53
2023 255 14 53
2023 255 15 53
2023 255 16 53
2023 255 17 53
2023 255 18 37
2023 255 19 37
2023 255 20 37
2023 255 21 40
2023 255 22 40
2023 255 23 40
2023 256  0 47
2023 256  1 47
2023 256  2 47
2023 256  3 37
2023 256  4 37
2023 256  5 37
2023 256  6 23
2023 256  7 23
2023 256  8 23
2023 256  9 23
2023 256 10 23
2023 256 11 23
2023 256 12 27
2023 256 13 27
2023 256 14 27
2023 256 15 30
2023 256 16 30
2023 256 17 30
2023 256 18 17
2023 256 19 17
2023 256 20 17
2023 256 21 30
2023 256 22 30
2023 256 23 30
2023 257  0 43
2023 257  1 43
2023 257  2 43
2023 257  3 23
2023 257  4 23
2023 257  5 23
2023 257  6 30
2023 257  7 30
2023 257  8 30
2023 257  9 13
2023 257 10 13
2023 257 11 13
2023 257 12 17
2023 257 13 17
2023 257 14 17
2023 257 15 23
2023 257 16 23
2023 257 17 23
2023 257 18 40
2023 257 19 40
2023 257 20 40
2023 257 21 43
2023 257 22 43
2023 257 23 43
2023 258  0 20
2023 258  1 20
2023 258  2 20
2023 258  3 20
2023 258  4 20
2023 258  5 20
2023 258  6  7
2023 258  7  7
2023 258  8  7
2023 258  9  3
2023 258 10  3
2023 258 11  3
2023 258 12 17
2023 258 13 17
2023 258 14 17
2023 258 15 17
2023 258 16 17
2023 258 17 17
2023 258 18 13
2023 258 19 13
2023 258 20 13
2023 258 21 30
2023 258 22 30
2023 258 23 30
2023 259  0 13
2023 259  1 13
2023 259  2 13
2023 259  3  3
2023 259  4  3
2023 259  5  3
2023 259  6  7
2023 259  7  7
2023 259  8  7
2023 259  9  3
2023 259 10  3
2023 259 11  3
2023 259 12  3
2023 259 13  3
2023 259 14  3
2023 259 15 17
2023 259 16 17
2023 259 17 17
2023 259 18 30
2023 259 19 30
2023 259 20 30
2023 259 21 27
2023 259 22 27
2023 259 23 27
2023 260  0 33
2023 260  1 33
2023 260  2 33
2023 260  3 33
2023 260  4 33
2023 260  5 33
2023 260  6 23
2023 260  7 23
2023 260  8 23
2023 260  9 30
2023 260 10 30
2023 260 11 30
2023 260 12 27
2023 260 13 27
2023 260 14 27
2023 260 15 27
2023 260 16 27
2023 260 17 27
2023 260 18 33
2023 260 19 33
2023 260 20 33
2023 260 21 27
2023 260 22 27
2023 260 23 27
2023 261  0 43
2023 261  1 43
2023 261  2 43
2023 261  3 40
2023 261  4 40
2023 261  5 40
2023 261  6 30
2023 261  7 30
2023 261  8 30
2023 261  9 20
2023 261 10 20
2023 261 11 20
2023 261 12 47
2023 261 13 47
2023 261 14 47
2023 261 15 50
2023 261 16 50
2023 261 17 50
2023 261 18 50
2023 261 19 50
2023 261 20 50
2023 261 21 40
2023 261 22 40
2023 261 23 40
2023 262  0 53
2023 262  1 53
2023 262  2 53
2023 262  3 63
2023 262  4 63
2023 262  5 63
2023 262  6 47
2023 262  7 47
2023 262  8 47
2023 262  9 33
2023 262 10 33
2023 262 11 33
2023 262 12 60
2023 262 13 60
2023 262 14 60
2023 262 15 53
2023 262 16 53
2023 262 17 53
2023 262 18 37
2023 262 19 37
2023 262 20 37
2023 262 21 27
2023 262 22 27
2023 262 23 27
2023 263  0 37
2023 263  1 37
2023 263  2 37
2023 263  3 33
2023 263  4 33
2023 263  5 33
2023 263  6 33
2023 263  7 33
2023 263  8 33
2023 263  9 27
2023 263 10 27
2023 263 11 27
2023 263 12 20
2023 263 13 20
2023 263 14 20
2023 263 15 20
2023 263 16 20
2023 263 17 20
2023 263 18 30
2023 263 19 30
2023 263 20 30
2023 263 21 33
2023 263 22 33
2023 263 23 33
2023 264  0 23
2023 264  1 23
2023 264  2 23
2023 264  3 23
2023 264  4 23
2023 264  5 23
2023 264  6 20
2023 264  7 20
2023 264  8 20
2023 264  9 17
2023 264 10 17
2023 264 11 17
2023 264 12 20
2023 264 13 20
2023 264 14 20
2023 264 15 27
2023 264 16 27
2023 264 17 27
2023 264 18 17
2023 264 19 17
2023 264 20 17
2023 264 21 27
2023 264 22 27
2023 264 23 27
2023 265  0 17
2023 265  1 17
2023 265  2 17
2023 265  3 10
2023 265  4 10
2023 265  5 10
2023 265  6 20
2023 265  7 20
2023 265  8 20
2023 265  9 20
2023 265 10 20
2023 265 11 20
2023 265 12 20
2023 265 13 20
2023 265 14 20
2023 265 15 33
2023 265 16 33
2023 265 17 33
2023 265 18 17
2023 265 19 17
2023 265 20 17
2023 265 21 27
2023 265 22 27
2023 265 23 27
2023 266  0 27
2023 266  1 27
2023 266  2 27
2023 266  3 27
2023 266  4 27
2023 266  5 27
2023 266  6 13
2023 266  7 13
2023 266  8 13
2023 266  9 23
2023 266 10 23
2023 266 11 23
2023 266 12 20
2023 266 13 20
2023 266 14 20
2023 266 15 10
2023 266 16 10
2023 266 17 10
2023 266 18 20
2023 266 19 20
2023 266 20 20
2023 266 21 27
2023 266 22 27
2023 266 23 27
2023 267  0 20
2023 267  1 20
2023 267  2 20
2023 267  3 13
2023 267  4 13
2023 267  5 13
2023 267  6 20
2023 267  7 20
2023 267  8 20
2023 267  9 17
2023 267 10 17
2023 267 11 17
2023 267 12 10
2023 267 13 10
2023 267 14 10
2023 267 15 10
2023 267 16 10
2023 267 17 10
2023 267 18 57
2023 267 19 57
2023 267 20 57
2023 267 21 57
2023 267 22 57
2023 267 23 57
2023 268  0 53
2023 268  1 53
2023 268  2 53
2023 268  3 47
2023 268  4 47
2023 268  5 47
2023 268  6 40
2023 268  7 40
2023 268  8 40
2023 268  9 33
2023 268 10 33
2023 268 11 33
2023 268 12 33
2023 268 13 33
2023 268 14 33
2023 268 15 27
2023 268 16 27
2023 268 17 27
2023 268 18 23
2023 268 19 23
2023 268 20 23
2023 268 21 20
2023 268 22 20
2023 268 23 20
2023 269  0 30
2023 269  1 30
2023 269  2 30
2023 269  3 40
2023 269  4 40
2023 269  5 40
2023 269  6 47
2023 269  7 47
2023 269  8 47
2023 269  9 47
2023 269 10 47
2023 269 11 47
2023 269 12 50
2023 269 13 50
2023 269 14 50
2023 269 15 33
2023 269 16 33
2023 269 17 33
2023 269 18 33
2023 269 19 33
2023 269 20 33
2023 269 21 33
2023 269 22 33
2023 269 23 33
2023 270  0 37
2023 270  1 37
2023 270  2 37
2023 270  3 30
2023 270  4 30
2023 270  5 30
2023 270  6 33
2023 270  7 33
2023 270  8 33
2023 270  9 33
2023 270 10 33
2023 270 11 33
2023 270 12 27
2023 270 13 27
2023 270 14 27
2023 270 15 30
2023 270 16 30
2023 270 17 30
2023 270 18 20
2023 270 19 20
2023 270 20 20
2023 270 21  7
2023 270 22  7
2023 270 23  7
2023 271  0 17
2023 271  1 17
2023 271  2 17
2023 271  3 30
2023 271  4 30
2023 271  5 30
2023 271  6  3
2023 271  7  3
2023 271  8  3
2023 271  9  7
2023 271 10  7
2023 271 11  7
2023 271 12  7
2023 271 13  7
2023 271 14  7
2023 271 15  3
2023 271 16  3
2023 271 17  3
2023 271 18  0
2023 271 19  0
2023 271 20  0
2023 271 21 20
2023 271 22 20
2023 271 23 20
2023 272  0 20
2023 272  1 20
2023 272  2 20
2023 272  3 27
2023 272  4 27
2023 272  5 27
2023 272  6 37
2023 272  7 37
2023 272  8 37
2023 272  9 40
2023 272 10 40
2023 272 11 40
2023 272 12 27
2023 272 13 27
2023 272 14 27
2023 272 15 13
2023 272 16 13
2023 272 17 13
2023 272 18  7
2023 272 19  7
2023 272 20  7
2023 272 21  7
2023 272 22  7
2023 272 23  7
2023 273  0 13
2023 273  1 13
2023 273  2 13
2023 273  3 20
2023 273  4 20
2023 273  5 20
2023 273  6 23
2023 273  7 23
2023 273  8 23
2023 273  9 20
2023 273 10 20
2023 273 11 20
2023 273 12 23
2023 273 13 23
2023 273 14 23
2023 273 15 23
2023 273 16 23
2023 273 17 23
2023 273 18 23
2023 273 19 23
2023 273 20 23
2023 273 21 23
2023 273 22 23
2023 273 23 23
2023 274  0 37
2023 274  1 37
2023 274  2 37
2023 274  3 17
2023 274  4 17
2023 274  5 17
2023 274  6 17
2023 274  7 17
2023 274  8 17
2023 274  9 13
2023 274 10 13
2023 274 11 13
2023 274 12 20
2023 274 13 20
2023 274 14 20
2023 274 15 10
2023 274 16 10
2023 274 17 10
2023 274 18 17
2023 274 19 17
2023 274 20 17
2023 274 21 17
2023 274 22 17
2023 274 23 17
2023 275  0 27
2023 275  1 27
2023 275  2 27
2023 275  3 30
2023 275  4 30
2023 275  5 30
2023 275  6 10
2023 275  7 10
2023 275  8 10
2023 275  9 13
2023 275 10 13
2023 275 11 13
2023 275 12 17
2023 275 13 17
2023 275 14 17
2023 275 15 13
2023 275 16 13
2023 275 17 13
2023 275 18 13
2023 275 19 13
2023 275 20 13
2023 275 21 23
2023 275 22 23
2023 275 23 23
2023 276  0  7
2023 276  1  7
2023 276  2  7
2023 276  3 20
2023 276  4 20
2023 276  5 20
2023 276  6 13
2023 276  7 13
2023 276  8 13
2023 276  9 10
2023 276 10 10
2023 276 11 10
2023 276 12 20
2023 276 13 20
2023 276 14 20
2023 276 15 23
2023 276 16 23
2023 276 17 23
2023 276 18 20
2023 276 19 20
2023 276 20 20
2023 276 21 20
2023 276 22 20
2023 276 23 20
2023 277  0 27
2023 277  1 27
2023 277  2 27
2023 277  3 23
2023 277  4 23
2023 277  5 23
2023 277  6 27
2023 277  7 27
2023 277  8 27
2023 277  9 20
2023 277 10 20
2023 277 11 20
2023 277 12 17
2023 277 13 17
2023 277 14 17
2023 277 15 17
2023 277 16 17
2023 277 17 17
2023 277 18 20
2023 277 19 20
2023 277 20 20
2023 277 21 33
2023 277 22 33
2023 277 23 33
2023 278  0 40
2023 278  1 40
2023 278  2 40
2023 278  3 50
2023 278  4 50
2023 278  5 50
2023 278  6 20
2023 278  7 20
2023 278  8 20
2023 278  9 30
2023 278 10 30
2023 278 11 30
2023 278 12 20
2023 278 13 20
2023 278 14 20
2023 278 15  7
2023 278 16  7
2023 278 17  7
2023 278 18  7
2023 278 19  7
2023 278 20  7
2023 278 21 20
2023 278 22 20
2023 278 23 20
2023 279  0 20
2023 279  1 20
2023 279  2 20
2023 279  3 23
2023 279  4 23
2023 279  5 23
2023 279  6 20
2023 279  7 20
2023 279  8 20
2023 279  9 13
2023 279 10 13
2023 279 11 13
2023 279 12 13
2023 279 13 13
2023 279 14 13
2023 279 15 13
2023 279 16 13
2023 279 17 13
2023 279 18  7
2023 279 19  7
2023 279 20  7
2023 279 21 30
2023 279 22 30
2023 279 23 30
2023 280  0 10
2023 280  1 10
2023 280  2 10
2023 280  3 13
2023 280  4 13
2023 280  5 13
2023 280  6 10
2023 280  7 10
2023 280  8 10
2023 280  9  3
2023 280 10  3
2023 280 11  3
2023 280 12  3
2023 280 13  3
2023 280 14  3
2023 280 15  7
2023 280 16  7
2023 280 17  7
2023 280 18 17
2023 280 19 17
2023 280 20 17
2023 280 21 13
2023 280 22 13
2023 280 23 13
2023 281  0 23
2023 281  1 23
2023 281  2 23
2023 281  3 17
2023 281  4 17
2023 281  5 17
2023 281  6 20
2023 281  7 20
2023 281  8 20
2023 281  9 13
2023 281 10 13
2023 281 11 13
2023 281 12  7
2023 281 13  7
2023 281 14  7
2023 281 15 13
2023 281 16 13
2023 281 17 13
2023 281 18 13
2023 281 19 13
2023 281 20 13
2023 281 21 20
2023 281 22 20
2023 281 23 20
2023 282  0 20
2023 282  1 20
2023 282  2 20
2023 282  3 17
2023 282  4 17
2023 282  5 17
2023 282  6 13
2023 282  7 13
2023 282  8 13
2023 282  9 13
2023 282 10 13
2023 282 11 13
2023 282 12 20
2023 282 13 20
2023 282 14 20
2023 282 15 23
2023 282 16 23
2023 282 17 23
2023 282 18 30
2023 282 19 30
2023 282 20 30
2023 282 21 13
2023 282 22 13
2023 282 23 13
2023 283  0  7
2023 283  1  7
2023 283  2  7
2023 283  3 20
2023 283  4 20
2023 283  5 20
2023 283  6 10
2023 283  7 10
2023 283  8 10
2023 283  9 10
2023 283 10 10
2023 283 11 10
2023 283 12  3
2023 283 13  3
2023 283 14  3
2023 283 15  7
2023 283 16  7
2023 283 17  7
2023 283 18  0
2023 283 19  0
2023 283 20  0
2023 283 21  0
2023 283 22  0
2023 283 23  0
2023 284  0  0
2023 284  1  0
2023 284  2  0
2023 284  3  7
2023 284  4  7
2023 284  5  7
2023 284  6  7
2023 284  7  7
2023 284  8  7
2023 284  9 10
2023 284 10 10
2023 284 11 10
2023 284 12  7
2023 284 13  7
2023 284 14  7
2023 284 15  3
2023 284 16  3
2023 284 17  3
2023 284 18  3
2023 284 19  3
2023 284 20  3
2023 284 21 10
2023 284 22 10
2023 284 23 10
2023 285  0 10
2023 285  1 10
2023 285  2 10
2023 285  3  0
2023 285  4  0
2023 285  5  0
2023 285  6  3
2023 285  7  3
2023 285  8  3
2023 285  9  3
2023 285 10  3
2023 285 11  3
2023 285 12  0
2023 285 13  0
2023 285 14  0
2023 285 15  7
2023 285 16  7
2023 285 17  7
2023 285 18  7
2023 285 19  7
2023 285 20  7
2023 285 21  7
2023 285 22  7
2023 285 23  7
2023 286  0  7
2023 286  1  7
2023 286  2  7
2023 286  3 27
2023 286  4 27
2023 286  5 27
2023 286  6 33
2023 286  7 33
2023 286  8 33
2023 286  9 27
2023 286 10 27
2023 286 11 27
2023 286 12 30
2023 286 13 30
2023 286 14 30
2023 286 15 37
2023 286 16 37
2023 286 17 37
2023 286 18 27
2023 286 19 27
2023 286 20 27
2023 286 21 20
2023 286 22 20
2023 286 23 20
