Year  DOY  Hour  Kp  F10.7
2022 244  0 23
2022 244  1 23
2022 244  2 23
2022 244  3 33
2022 244  4 33
2022 244  5 33
2022 244  6 27
2022 244  7 27
2022 244  8 27
2022 244  9 23
2022 244 10 23
2022 244 11 23
2022 244 12 10
2022 244 13 10
2022 244 14 10
2022 244 15 13
2022 244 16 13
2022 244 17 13
2022 244 18 13
2022 244 19 13
2022 244 20 13
2022 244 21 13
2022 244 22 13
2022 244 23 13
2022 245  0 13
2022 245  1 13
2022 245  2 13
2022 245  3  7
2022 245  4  7
2022 245  5  7
2022 245  6 17
2022 245  7 17
2022 245  8 17
2022 245  9 23
2022 245 10 23
2022 245 11 23
2022 245 12 23
2022 245 13 23
2022 245 14 23
2022 245 15  7
2022 245 16  7
2022 245 17  7
2022 245 18 13
2022 245 19 13
2022 245 20 13
2022 245 21 37
2022 245 22 37
2022 245 23 37
2022 246  0 50
2022 246  1 50
2022 246  2 50
2022 246  3 33
2022 246  4 33
2022 246  5 33
2022 246  6 33
2022 246  7 33
2022 246  8 33
2022 246  9 33
2022 246 10 33
2022 246 11 33
2022 246 12 30
2022 246 13 30
2022 246 14 30
2022 246 15 27
2022 246 16 27
2022 246 17 27
2022 246 18 33
2022 246 19 33
2022 246 20 33
2022 246 21 43
2022 246 22 43
2022 246 23 43
2022 247  0 50
2022 247  1 50
2022 247  2 50
2022 247  3 57
2022 247  4 57
2022 247  5 57
2022 247  6 60
2022 247  7 60
2022 247  8 60
2022 247  9 63
2022 247 10 63
2022 247 11 63
2022 247 12 47
2022 247 13 47
2022 247 14 47
2022 247 15 60
2022 247 16 60
2022 247 17 60
2022 247 18 47
2022 247 19 47
2022 247 20 47
2022 247 21 50
2022 247 22 50
2022 247 23 50
2022 248  0 50
2022 248  1 50
2022 248  2 50
2022 248  3 47
2022 248  4 47
2022 248  5 47
2022 248  6 43
2022 248  7 43
2022 248  8 43
2022 248  9 47
2022 248 10 47
2022 248 11 47
2022 248 12 43
2022 248 13 43
2022 248 14 43
2022 248 15 50
2022 248 16 50
2022 248 17 50
2022 248 18 37
2022 248 19 37
2022 248 20 37
2022 248 21 43
2022 248 22 43
2022 248 23 43
2022 249  0 40
2022 249  1 40
2022 249  2 40
2022 249  3 40
2022 249  4 40
2022 249  5 40
2022 249  6 30
2022 249  7 30
2022 249  8 30
2022 249  9 30
2022 249 10 30
2022 249 11 30
2022 249 12 27
2022 249 13 27
2022 249 14 27
2022 249 15 33
2022 249 16 33
2022 249 17 33
2022 249 18 37
2022 249 19 37
2022 249 20 37
2022 249 21 33
2022 249 22 33
2022 249 23 33
2022 250  0 30
2022 250  1 30
2022 250  2 30
2022 250  3 20
2022 250  4 20
2022 250  5 20
2022 250  6 30
2022 250  7 30
2022 250  8 30
2022 250  9 23
2022 250 10 23
2022 250 11 23
2022 250 12 30
2022 250 13 30
2022 250 14 30
2022 250 15 37
2022 250 16 37
2022 250 17 37
2022 250 18 30
2022 250 19 30
2022 250 20 30
2022 250 21 13
2022 250 22 13
2022 250 23 13
2022 251  0 20
2022 251  1 20
2022 251  2 20
2022 251  3 40
2022 251  4 40
2022 251  5 40
2022 251  6 40
2022 251  7 40
2022 251  8 40
2022 251  9 30
2022 251 10 30
2022 251 11 30
2022 251 12 30
2022 251 13 30
2022 251 14 30
2022 251 15 27
2022 251 16 27
2022 251 17 27
2022 251 18 30
2022 251 19 30
2022 251 20 30
2022 251 21 43
2022 251 22 43
2022 251 23 43
2022 252  0 37
2022 252  1 37
2022 252  2 37
2022 252  3 20
2022 252  4 20
2022 252  5 20
2022 252  6 27
2022 252  7 27
2022 252  8 27
2022 252  9 37
2022 252 10 37
2022 252 11 37
2022 252 12 27
2022 252 13 27
2022 252 14 27
2022 252 15 20
2022 252 16 20
2022 252 17 20
2022 252 18  7
2022 252 19  7
2022 252 20  7
2022 252 21 20
2022 252 22 20
2022 252 23 20
2022 253  0 27
2022 253  1 27
2022 253  2 27
2022 253  3 20
2022 253  4 20
2022 253  5 20
2022 253  6 33
2022 253  7 33
2022 253  8 33
2022 253  9 20
2022 253 10 20
2022 253 11 20
2022 253 12 27
2022 253 13 27
2022 253 14 27
2022 253 15 33
2022 253 16 33
2022 253 17 33
2022 253 18 33
2022 253 19 33
2022 253 20 33
2022 253 21 17
2022 253 22 17
2022 253 23 17
2022 254  0 27
2022 254  1 27
2022 254  2 27
2022 254  3 13
2022 254  4 13
2022 254  5 13
2022 254  6 13
2022 254  7 13
2022 254  8 13
2022 254  9 17
2022 254 10 17
2022 254 11 17
2022 254 12 17
2022 254 13 17
2022 254 14 17
2022 254 15 33
2022 254 16 33
2022 254 17 33
2022 254 18 20
2022 254 19 20
2022 254 20 20
2022 254 21 13
2022 254 22 13
2022 254 23 13
2022 255  0 27
2022 255  1 27
2022 255  2 27
2022 255  3 23
2022 255  4 23
2022 255  5 23
2022 255  6 23
2022 255  7 23
2022 255  8 23
2022 255  9 17
2022 255 10 17
2022 255 11 17
2022 255 12 13
2022 255 13 13
2022 255 14 13
2022 255 15  7
2022 255 16  7
2022 255 17  7
2022 255 18 17
2022 255 19 17
2022 255 20 17
2022 255 21  7
2022 255 22  7
2022 255 23  7
2022 256  0  0
2022 256  1  0
2022 256  2  0
2022 256  3  3
2022 256  4  3
2022 256  5  3
2022 256  6 13
2022 256  7 13
2022 256  8 13
2022 256  9  7
2022 256 10  7
2022 256 11  7
2022 256 12  7
2022 256 13  7
2022 256 14  7
2022 256 15  7
2022 256 16  7
2022 256 17  7
2022 256 18  0
2022 256 19  0
2022 256 20  0
2022 256 21  7
2022 256 22  7
2022 256 23  7
2022 257  0  7
2022 257  1  7
2022 257  2  7
2022 257  3  7
2022 257  4  7
2022 257  5  7
2022 257  6 17
2022 257  7 17
2022 257  8 17
2022 257  9 13
2022 257 10 13
2022 257 11 13
2022 257 12 17
2022 257 13 17
2022 257 14 17
2022 257 15 17
2022 257 16 17
2022 257 17 17
2022 257 18 27
2022 257 19 27
2022 257 20 27
2022 257 21 40
2022 257 22 40
2022 257 23 40
2022 258  0 37
2022 258  1 37
2022 258  2 37
2022 258  3  7
2022 258  4  7
2022 258  5  7
2022 258  6  7
2022 258  7  7
2022 258  8  7
2022 258  9  3
2022 258 10  3
2022 258 11  3
2022 258 12 10
2022 258 13 10
2022 258 14 10
2022 258 15 20
2022 258 16 20
2022 258 17 20
2022 258 18  7
2022 258 19  7
2022 258 20  7
2022 258 21 10
2022 258 22 10
2022 258 23 10
2022 259  0  3
2022 259  1  3
2022 259  2  3
2022 259  3 13
2022 259  4 13
2022 259  5 13
2022 259  6 13
2022 259  7 13
2022 259  8 13
2022 259  9 13
2022 259 10 13
2022 259 11 13
2022 259 12  7
2022 259 13  7
2022 259 14  7
2022 259 15 17
2022 259 16 17
2022 259 17 17
2022 259 18  3
2022 259 19  3
2022 259 20  3
2022 259 21  7
2022 259 22  7
2022 259 23  7
2022 260  0  7
2022 260  1  7
2022 260  2  7
2022 260  3  3
2022 260  4  3
2022 260  5  3
2022 260  6  7
2022 260  7  7
2022 260  8  7
2022 260  9 13
2022 260 10 13
2022 260 11 13
2022 260 12 17
2022 260 13 17
2022 260 14 17
2022 260 15  3
2022 260 16  3
2022 260 17  3
2022 260 18 10
2022 260 19 10
2022 260 20 10
2022 260 21 20
2022 260 22 20
2022 260 23 20
2022 261  0 17
2022 261  1 17
2022 261  2 17
2022 261  3 20
2022 261  4 20
2022 261  5 20
2022 261  6 27
2022 261  7 27
2022 261  8 27
2022 261  9 27
2022 261 10 27
2022 261 11 27
2022 261 12 33
2022 261 13 33
2022 261 14 33
2022 261 15 20
2022 261 16 20
2022 261 17 20
2022 261 18 20
2022 261 19 20
2022 261 20 20
2022 261 21 20
2022 261 22 20
2022 261 23 20
2022 262  0 27
2022 262  1 27
2022 262  2 27
2022 262  3 13
2022 262  4 13
2022 262  5 13
2022 262  6  7
2022 262  7  7
2022 262  8  7
2022 262  9 17
2022 262 10 17
2022 262 11 17
2022 262 12 30
2022 262 13 30
2022 262 14 30
2022 262 15 37
2022 262 16 37
2022 262 17 37
2022 262 18 23
2022 262 19 23
2022 262 20 23
2022 262 21 30
2022 262 22 30
2022 262 23 30
2022 263  0 20
2022 263  1 20
2022 263  2 20
2022 263  3 20
2022 263  4 20
2022 263  5 20
2022 263  6 13
2022 263  7 13
2022 263  8 13
2022 263  9 13
2022 263 10 13
2022 263 11 13
2022 263 12 17
2022 263 13 17
2022 263 14 17
2022 263 15 13
2022 263 16 13
2022 263 17 13
2022 263 18 27
2022 263 19 27
2022 263 20 27
2022 263 21 23
2022 263 22 23
2022 263 23 23
2022 264  0 20
2022 264  1 20
2022 264  2 20
2022 264  3  3
2022 264  4  3
2022 264  5  3
2022 264  6 17
2022 264  7 17
2022 264  8 17
2022 264  9 17
2022 264 10 17
2022 264 11 17
2022 264 12 10
2022 264 13 10
2022 264 14 10
2022 264 15  7
2022 264 16  7
2022 264 17  7
2022 264 18  3
2022 264 19  3
2022 264 20  3
2022 264 21 10
2022 264 22 10
2022 264 23 10
2022 265  0  0
2022 265  1  0
2022 265  2  0
2022 265  3  7
2022 265  4  7
2022 265  5  7
2022 265  6 10
2022 265  7 10
2022 265  8 10
2022 265  9  3
2022 265 10  3
2022 265 11  3
2022 265 12 17
2022 265 13 17
2022 265 14 17
2022 265 15 17
2022 265 16 17
2022 265 17 17
2022 265 18 13
2022 265 19 13
2022 265 20 13
2022 265 21 30
2022 265 22 30
2022 265 23 30
2022 266  0 23
2022 266  1 23
2022 266  2 23
2022 266  3 10
2022 266  4 10
2022 266  5 10
2022 266  6 33
2022 266  7 33
2022 266  8 33
2022 266  9 23
2022 266 10 23
2022 266 11 23
2022 266 12 30
2022 266 13 30
2022 266 14 30
2022 266 15 30
2022 266 16 30
2022 266 17 30
2022 266 18 23
2022 266 19 23
2022 266 20 23
2022 266 21 23
2022 266 22 23
2022 266 23 23
2022 267  0 20
2022 267  1 20
2022 267  2 20
2022 267  3 33
2022 267  4 33
2022 267  5 33
2022 267  6 17
2022 267  7 17
2022 267  8 17
2022 267  9 30
2022 267 10 30
2022 267 11 30
2022 267 12 27
2022 267 13 27
2022 267 14 27
2022 267 15 33
2022 267 16 33
2022 267 17 33
2022 267 18 30
2022 267 19 30
2022 267 20 30
2022 267 21 23
2022 267 22 23
2022 267 23 23
2022 268  0 13
2022 268  1 13
2022 268  2 13
2022 268  3 17
2022 268  4 17
2022 268  5 17
2022 268  6 17
2022 268  7 17
2022 268  8 17
2022 268  9 17
2022 268 10 17
2022 268 11 17
2022 268 12 13
2022 268 13 13
2022 268 14 13
2022 268 15 13
2022 268 16 13
2022 268 17 13
2022 268 18  0
2022 268 19  0
2022 268 20  0
2022 268 21 17
2022 268 22 17
2022 268 23 17
2022 269  0 13
2022 269  1 13
2022 269  2 13
2022 269  3  0
2022 269  4  0
2022 269  5  0
2022 269  6  0
2022 269  7  0
2022 269  8  0
2022 269  9 10
2022 269 10 10
2022 269 11 10
2022 269 12 10
2022 269 13 10
2022 269 14 10
2022 269 15  3
2022 269 16  3
2022 269 17  3
2022 269 18  3
2022 269 19  3
2022 269 20  3
2022 269 21 33
2022 269 22 33
2022 269 23 33
2022 270  0 53
2022 270  1 53
2022 270  2 53
2022 270  3 47
2022 270  4 47
2022 270  5 47
2022 270  6 20
2022 270  7 20
2022 270  8 20
2022 270  9 43
2022 270 10 43
2022 270 11 43
2022 270 12 30
2022 270 13 30
2022 270 14 30
2022 270 15 20
2022 270 16 20
2022 270 17 20
2022 270 18 23
2022 270 19 23
2022 270 20 23
2022 270 21 30
2022 270 22 30
2022 270 23 30
2022 271  0 10
2022 271  1 10
2022 271  2 10
2022 271  3  7
2022 271  4  7
2022 271  5  7
2022 271  6  3
2022 271  7  3
2022 271  8  3
2022 271  9  0
2022 271 10  0
2022 271 11  0
2022 271 12  7
2022 271 13  7
2022 271 14  7
2022 271 15 13
2022 271 16 13
2022 271 17 13
2022 271 18 13
2022 271 19 13
2022 271 20 13
2022 271 21 13
2022 271 22 13
2022 271 23 13
2022 272  0  7
2022 272  1  7
2022 272  2  7
2022 272  3  3
2022 272  4  3
2022 272  5  3
2022 272  6 20
2022 272  7 20
2022 272  8 20
2022 272  9 20
2022 272 10 20
2022 272 11 20
2022 272 12 27
2022 272 13 27
2022 272 14 27
2022 272 15 23
2022 272 16 23
2022 272 17 23
2022 272 18 10
2022 272 19 10
2022 272 20 10
2022 272 21 13
2022 272 22 13
2022 272 23 13
2022 273  0 27
2022 273  1 27
2022 273  2 27
2022 273  3 37
2022 273  4 37
2022 273  5 37
2022 273  6 40
2022 273  7 40
2022 273  8 40
2022 273  9 27
2022 273 10 27
2022 273 11 27
2022 273 12 33
2022 273 13 33
2022 273 14 33
2022 273 15 17
2022 273 16 17
2022 273 17 17
2022 273 18 10
2022 273 19 10
2022 273 20 10
2022 273 21  3
2022 273 22  3
2022 273 23  3
2022 274  0  3
2022 274  1  3
2022 274  2  3
2022 274  3  0
2022 274  4  0
2022 274  5  0
2022 274  6  3
2022 274  7  3
2022 274  8  3
2022 274  9  3
2022 274 10  3
2022 274 11  3
2022 274 12  0
2022 274 13  0
2022 274 14  0
2022 274 15 13
2022 274 16 13
2022 274 17 13
2022 274 18  7
2022 274 19  7
2022 274 20  7
2022 274 21  7
2022 274 22  7
2022 274 23  7
2022 275  0 23
2022 275  1 23
2022 275  2 23
2022 275  3 13
2022 275  4 13
2022 275  5 13
2022 275  6 10
2022 275  7 10
2022 275  8 10
2022 275  9 20
2022 275 10 20
2022 275 11 20
2022 275 12 23
2022 275 13 23
2022 275 14 23
2022 275 15 30
2022 275 16 30
2022 275 17 30
2022 275 18 23
2022 275 19 23
2022 275 20 23
2022 275 21 47
2022 275 22 47
2022 275 23 47
2022 276  0 37
2022 276  1 37
2022 276  2 37
2022 276  3 30
2022 276  4 30
2022 276  5 30
2022 276  6 30
2022 276  7 30
2022 276  8 30
2022 276  9 13
2022 276 10 13
2022 276 11 13
2022 276 12 40
2022 276 13 40
2022 276 14 40
2022 276 15 40
2022 276 16 40
2022 276 17 40
2022 276 18 57
2022 276 19 57
2022 276 20 57
2022 276 21 30
2022 276 22 30
2022 276 23 30
2022 277  0 30
2022 277  1 30
2022 277  2 30
2022 277  3 37
2022 277  4 37
2022 277  5 37
2022 277  6 43
2022 277  7 43
2022 277  8 43
2022 277  9 23
2022 277 10 23
2022 277 11 23
2022 277 12 13
2022 277 13 13
2022 277 14 13
2022 277 15 13
2022 277 16 13
2022 277 17 13
2022 277 18 43
2022 277 19 43
2022 277 20 43
2022 277 21 30
2022 277 22 30
2022 277 23 30
2022 278  0 23
2022 278  1 23
2022 278  2 23
2022 278  3 33
2022 278  4 33
2022 278  5 33
2022 278  6 30
2022 278  7 30
2022 278  8 30
2022 278  9 17
2022 278 10 17
2022 278 11 17
2022 278 12 20
2022 278 13 20
2022 278 14 20
2022 278 15 30
2022 278 16 30
2022 278 17 30
2022 278 18 33
2022 278 19 33
2022 278 20 33
2022 278 21 33
2022 278 22 33
2022 278 23 33
2022 279  0 23
2022 279  1 23
2022 279  2 23
2022 279  3 23
2022 279  4 23
2022 279  5 23
2022 279  6 33
2022 279  7 33
2022 279  8 33
2022 279  9 23
2022 279 10 23
2022 279 11 23
2022 279 12 30
2022 279 13 30
2022 279 14 30
2022 279 15 33
2022 279 16 33
2022 279 17 33
2022 279 18 40
2022 279 19 40
2022 279 20 40
2022 279 21 37
2022 279 22 37
2022 279 23 37
2022 280  0 37
2022 280  1 37
2022 280  2 37
2022 280  3 40
2022 280  4 40
2022 280  5 40
2022 280  6 30
2022 280  7 30
2022 280  8 30
2022 280  9 27
2022 280 10 27
2022 280 11 27
2022 280 12 30
2022 280 13 30
2022 280 14 30
2022 280 15 30
2022 280 16 30
2022 280 17 30
2022 280 18 10
2022 280 19 10
2022 280 20 10
2022 280 21  7
2022 280 22  7
2022 280 23  7
2022 281  0 10
2022 281  1 10
2022 281  2 10
2022 281  3 30
2022 281  4 30
2022 281  5 30
2022 281  6 33
2022 281  7 33
2022 281  8 33
2022 281  9 17
2022 281 10 17
2022 281 11 17
2022 281 12 27
2022 281 13 27
2022 281 14 27
2022 281 15 27
2022 281 16 27
2022 281 17 27
2022 281 18 30
2022 281 19 30
2022 281 20 30
2022 281 21 17
2022 281 22 17
2022 281 23 17
2022 282  0 40
2022 282  1 40
2022 282  2 40
2022 282  3 37
2022 282  4 37
2022 282  5 37
2022 282  6 37
2022 282  7 37
2022 282  8 37
2022 282  9 30
2022 282 10 30
2022 282 11 30
2022 282 12 37
2022 282 13 37
2022 282 14 37
2022 282 15 43
2022 282 16 43
2022 282 17 43
2022 282 18 37
2022 282 19 37
2022 282 20 37
2022 282 21 37
2022 282 22 37
2022 282 23 37
2022 283  0 23
2022 283  1 23
2022 283  2 23
2022 283  3 33
2022 283  4 33
2022 283  5 33
2022 283  6 20
2022 283  7 20
2022 283  8 20
2022 283  9 30
2022 283 10 30
2022 283 11 30
2022 283 12 10
2022 283 13 10
2022 283 14 10
2022 283 15 13
2022 283 16 13
2022 283 17 13
2022 283 18 13
2022 283 19 13
2022 283 20 13
2022 283 21 23
2022 283 22 23
2022 283 23 23
2022 284  0 30
2022 284  1 30
2022 284  2 30
2022 284  3 13
2022 284  4 13
2022 284  5 13
2022 284  6 10
2022 284  7 10
2022 284  8 10
2022 284  9  3
2022 284 10  3
2022 284 11  3
2022 284 12 10
2022 284 13 10
2022 284 14 10
2022 284 15 10
2022 284 16 10
2022 284 17 10
2022 284 18 13
2022 284 19 13
2022 284 20 13
2022 284 21 23
2022 284 22 23
2022 284 23 23
2022 285  0  7
2022 285  1  7
2022 285  2  7
2022 285  3  0
2022 285  4  0
2022 285  5  0
2022 285  6  3
2022 285  7  3
2022 285  8  3
2022 285  9 10
2022 285 10 10
2022 285 11 10
2022 285 12 20
2022 285 13 20
2022 285 14 20
2022 285 15 10
2022 285 16 10
2022 285 17 10
2022 285 18 23
2022 285 19 23
2022 285 20 23
2022 285 21 17
2022 285 22 17
2022 285 23 17
2022 286  0 10
2022 286  1 10
2022 286  2 10
2022 286  3  7
2022 286  4  7
2022 286  5  7
2022 286  6 10
2022 286  7 10
2022 286  8 10
2022 286  9  3
2022 286 10  3
2022 286 11  3
2022 286 12  7
2022 286 13  7
2022 286 14  7
2022 286 15  3
2022 286 16  3
2022 286 17  3
2022 286 18 13
2022 286 19 13
2022 286 20 13
2022 286 21 13
2022 286 22 13
2022 286 23 13
