2008 335  0  7  66.5
2008 335  1  7  66.5
2008 335  2  7  66.5
2008 335  3  0  66.5
2008 335  4  0  66.5
2008 335  5  0  66.5
2008 335  6  3  66.5
2008 335  7  3  66.5
2008 335  8  3  66.5
2008 335  9  0  66.5
2008 335 10  0  66.5
2008 335 11  0  66.5
2008 335 12  3  66.5
2008 335 13  3  66.5
2008 335 14  3  66.5
2008 335 15 10  66.5
2008 335 16 10  66.5
2008 335 17 10  66.5
2008 335 18  3  66.5
2008 335 19  3  66.5
2008 335 20  3  66.5
2008 335 21  0  66.5
2008 335 22  0  66.5
2008 335 23  0  66.5
2008 336  0  0  66.2
2008 336  1  0  66.2
2008 336  2  0  66.2
2008 336  3  0  66.2
2008 336  4  0  66.2
2008 336  5  0  66.2
2008 336  6  0  66.2
2008 336  7  0  66.2
2008 336  8  0  66.2
2008 336  9  0  66.2
2008 336 10  0  66.2
2008 336 11  0  66.2
2008 336 12  0  66.2
2008 336 13  0  66.2
2008 336 14  0  66.2
2008 336 15  0  66.2
2008 336 16  0  66.2
2008 336 17  0  66.2
2008 336 18  0  66.2
2008 336 19  0  66.2
2008 336 20  0  66.2
2008 336 21  0  66.2
2008 336 22  0  66.2
2008 336 23  0  66.2
2008 337  0  0  67.0
2008 337  1  0  67.0
2008 337  2  0  67.0
2008 337  3  0  67.0
2008 337  4  0  67.0
2008 337  5  0  67.0
2008 337  6  0  67.0
2008 337  7  0  67.0
2008 337  8  0  67.0
2008 337  9  0  67.0
2008 337 10  0  67.0
2008 337 11  0  67.0
2008 337 12  0  67.0
2008 337 13  0  67.0
2008 337 14  0  67.0
2008 337 15  0  67.0
2008 337 16  0  67.0
2008 337 17  0  67.0
2008 337 18  0  67.0
2008 337 19  0  67.0
2008 337 20  0  67.0
2008 337 21  0  67.0
2008 337 22  0  67.0
2008 337 23  0  67.0
2008 338  0  7  67.2
2008 338  1  7  67.2
2008 338  2  7  67.2
2008 338  3  7  67.2
2008 338  4  7  67.2
2008 338  5  7  67.2
2008 338  6  7  67.2
2008 338  7  7  67.2
2008 338  8  7  67.2
2008 338  9  7  67.2
2008 338 10  7  67.2
2008 338 11  7  67.2
2008 338 12 10  67.2
2008 338 13 10  67.2
2008 338 14 10  67.2
2008 338 15 17  67.2
2008 338 16 17  67.2
2008 338 17 17  67.2
2008 338 18 13  67.2
2008 338 19 13  67.2
2008 338 20 13  67.2
2008 338 21 20  67.2
2008 338 22 20  67.2
2008 338 23 20  67.2
2008 339  0 20  67.6
2008 339  1 20  67.6
2008 339  2 20  67.6
2008 339  3 33  67.6
2008 339  4 33  67.6
2008 339  5 33  67.6
2008 339  6 23  67.6
2008 339  7 23  67.6
2008 339  8 23  67.6
2008 339  9 23  67.6
2008 339 10 23  67.6
2008 339 11 23  67.6
2008 339 12 27  67.6
2008 339 13 27  67.6
2008 339 14 27  67.6
2008 339 15 20  67.6
2008 339 16 20  67.6
2008 339 17 20  67.6
2008 339 18 10  67.6
2008 339 19 10  67.6
2008 339 20 10  67.6
2008 339 21 10  67.6
2008 339 22 10  67.6
2008 339 23 10  67.6
2008 340  0 13  66.8
2008 340  1 13  66.8
2008 340  2 13  66.8
2008 340  3 17  66.8
2008 340  4 17  66.8
2008 340  5 17  66.8
2008 340  6 17  66.8
2008 340  7 17  66.8
2008 340  8 17  66.8
2008 340  9 37  66.8
2008 340 10 37  66.8
2008 340 11 37  66.8
2008 340 12 20  66.8
2008 340 13 20  66.8
2008 340 14 20  66.8
2008 340 15 40  66.8
2008 340 16 40  66.8
2008 340 17 40  66.8
2008 340 18 13  66.8
2008 340 19 13  66.8
2008 340 20 13  66.8
2008 340 21 37  66.8
2008 340 22 37  66.8
2008 340 23 37  66.8
2008 341  0 37  67.1
2008 341  1 37  67.1
2008 341  2 37  67.1
2008 341  3 43  67.1
2008 341  4 43  67.1
2008 341  5 43  67.1
2008 341  6 33  67.1
2008 341  7 33  67.1
2008 341  8 33  67.1
2008 341  9 23  67.1
2008 341 10 23  67.1
2008 341 11 23  67.1
2008 341 12 23  67.1
2008 341 13 23  67.1
2008 341 14 23  67.1
2008 341 15 40  67.1
2008 341 16 40  67.1
2008 341 17 40  67.1
2008 341 18 30  67.1
2008 341 19 30  67.1
2008 341 20 30  67.1
2008 341 21 20  67.1
2008 341 22 20  67.1
2008 341 23 20  67.1
2008 342  0 20  67.0
2008 342  1 20  67.0
2008 342  2 20  67.0
2008 342  3 23  67.0
2008 342  4 23  67.0
2008 342  5 23  67.0
2008 342  6 23  67.0
2008 342  7 23  67.0
2008 342  8 23  67.0
2008 342  9 23  67.0
2008 342 10 23  67.0
2008 342 11 23  67.0
2008 342 12 23  67.0
2008 342 13 23  67.0
2008 342 14 23  67.0
2008 342 15 23  67.0
2008 342 16 23  67.0
2008 342 17 23  67.0
2008 342 18 13  67.0
2008 342 19 13  67.0
2008 342 20 13  67.0
2008 342 21  7  67.0
2008 342 22  7  67.0
2008 342 23  7  67.0
2008 343  0  3  66.4
2008 343  1  3  66.4
2008 343  2  3  66.4
2008 343  3 13  66.4
2008 343  4 13  66.4
2008 343  5 13  66.4
2008 343  6  0  66.4
2008 343  7  0  66.4
2008 343  8  0  66.4
2008 343  9  3  66.4
2008 343 10  3  66.4
2008 343 11  3  66.4
2008 343 12  3  66.4
2008 343 13  3  66.4
2008 343 14  3  66.4
2008 343 15  7  66.4
2008 343 16  7  66.4
2008 343 17  7  66.4
2008 343 18 13  66.4
2008 343 19 13  66.4
2008 343 20 13  66.4
2008 343 21  3  66.4
2008 343 22  3  66.4
2008 343 23  3  66.4
2008 344  0  0  66.7
2008 344  1  0  66.7
2008 344  2  0  66.7
2008 344  3  0  66.7
2008 344  4  0  66.7
2008 344  5  0  66.7
2008 344  6  0  66.7
2008 344  7  0  66.7
2008 344  8  0  66.7
2008 344  9  0  66.7
2008 344 10  0  66.7
2008 344 11  0  66.7
2008 344 12  3  66.7
2008 344 13  3  66.7
2008 344 14  3  66.7
2008 344 15  3  66.7
2008 344 16  3  66.7
2008 344 17  3  66.7
2008 344 18  3  66.7
2008 344 19  3  66.7
2008 344 20  3  66.7
2008 344 21  3  66.7
2008 344 22  3  66.7
2008 344 23  3  66.7
2008 345  0  0  68.7
2008 345  1  0  68.7
2008 345  2  0  68.7
2008 345  3  0  68.7
2008 345  4  0  68.7
2008 345  5  0  68.7
2008 345  6  0  68.7
2008 345  7  0  68.7
2008 345  8  0  68.7
2008 345  9  3  68.7
2008 345 10  3  68.7
2008 345 11  3  68.7
2008 345 12 10  68.7
2008 345 13 10  68.7
2008 345 14 10  68.7
2008 345 15 10  68.7
2008 345 16 10  68.7
2008 345 17 10  68.7
2008 345 18 17  68.7
2008 345 19 17  68.7
2008 345 20 17  68.7
2008 345 21 13  68.7
2008 345 22 13  68.7
2008 345 23 13  68.7
2008 346  0 17  68.0
2008 346  1 17  68.0
2008 346  2 17  68.0
2008 346  3 13  68.0
2008 346  4 13  68.0
2008 346  5 13  68.0
2008 346  6 13  68.0
2008 346  7 13  68.0
2008 346  8 13  68.0
2008 346  9  7  68.0
2008 346 10  7  68.0
2008 346 11  7  68.0
2008 346 12 13  68.0
2008 346 13 13  68.0
2008 346 14 13  68.0
2008 346 15 17  68.0
2008 346 16 17  68.0
2008 346 17 17  68.0
2008 346 18 10  68.0
2008 346 19 10  68.0
2008 346 20 10  68.0
2008 346 21  7  68.0
2008 346 22  7  68.0
2008 346 23  7  68.0
2008 347  0 10  68.8
2008 347  1 10  68.8
2008 347  2 10  68.8
2008 347  3  3  68.8
2008 347  4  3  68.8
2008 347  5  3  68.8
2008 347  6  3  68.8
2008 347  7  3  68.8
2008 347  8  3  68.8
2008 347  9 13  68.8
2008 347 10 13  68.8
2008 347 11 13  68.8
2008 347 12 10  68.8
2008 347 13 10  68.8
2008 347 14 10  68.8
2008 347 15  7  68.8
2008 347 16  7  68.8
2008 347 17  7  68.8
2008 347 18  3  68.8
2008 347 19  3  68.8
2008 347 20  3  68.8
2008 347 21  7  68.8
2008 347 22  7  68.8
2008 347 23  7  68.8
2008 348  0 13  67.5
2008 348  1 13  67.5
2008 348  2 13  67.5
2008 348  3  7  67.5
2008 348  4  7  67.5
2008 348  5  7  67.5
2008 348  6  3  67.5
2008 348  7  3  67.5
2008 348  8  3  67.5
2008 348  9  3  67.5
2008 348 10  3  67.5
2008 348 11  3  67.5
2008 348 12  3  67.5
2008 348 13  3  67.5
2008 348 14  3  67.5
2008 348 15  0  67.5
2008 348 16  0  67.5
2008 348 17  0  67.5
2008 348 18  3  67.5
2008 348 19  3  67.5
2008 348 20  3  67.5
2008 348 21  0  67.5
2008 348 22  0  67.5
2008 348 23  0  67.5
2008 349  0  7  66.6
2008 349  1  7  66.6
2008 349  2  7  66.6
2008 349  3  0  66.6
2008 349  4  0  66.6
2008 349  5  0  66.6
2008 349  6  0  66.6
2008 349  7  0  66.6
2008 349  8  0  66.6
2008 349  9  0  66.6
2008 349 10  0  66.6
2008 349 11  0  66.6
2008 349 12  3  66.6
2008 349 13  3  66.6
2008 349 14  3  66.6
2008 349 15  0  66.6
2008 349 16  0  66.6
2008 349 17  0  66.6
2008 349 18  0  66.6
2008 349 19  0  66.6
2008 349 20  0  66.6
2008 349 21  0  66.6
2008 349 22  0  66.6
2008 349 23  0  66.6
2008 350  0  7  66.7
2008 350  1  7  66.7
2008 350  2  7  66.7
2008 350  3 13  66.7
2008 350  4 13  66.7
2008 350  5 13  66.7
2008 350  6  7  66.7
2008 350  7  7  66.7
2008 350  8  7  66.7
2008 350  9  3  66.7
2008 350 10  3  66.7
2008 350 11  3  66.7
2008 350 12  0  66.7
2008 350 13  0  66.7
2008 350 14  0  66.7
2008 350 15  3  66.7
2008 350 16  3  66.7
2008 350 17  3  66.7
2008 350 18  3  66.7
2008 350 19  3  66.7
2008 350 20  3  66.7
2008 350 21 10  66.7
2008 350 22 10  66.7
2008 350 23 10  66.7
2008 351  0  7  67.2
2008 351  1  7  67.2
2008 351  2  7  67.2
2008 351  3 13  67.2
2008 351  4 13  67.2
2008 351  5 13  67.2
2008 351  6  7  67.2
2008 351  7  7  67.2
2008 351  8  7  67.2
2008 351  9 10  67.2
2008 351 10 10  67.2
2008 351 11 10  67.2
2008 351 12 17  67.2
2008 351 13 17  67.2
2008 351 14 17  67.2
2008 351 15 13  67.2
2008 351 16 13  67.2
2008 351 17 13  67.2
2008 351 18 23  67.2
2008 351 19 23  67.2
2008 351 20 23  67.2
2008 351 21 27  67.2
2008 351 22 27  67.2
2008 351 23 27  67.2
2008 352  0 27  66.6
2008 352  1 27  66.6
2008 352  2 27  66.6
2008 352  3 23  66.6
2008 352  4 23  66.6
2008 352  5 23  66.6
2008 352  6 13  66.6
2008 352  7 13  66.6
2008 352  8 13  66.6
2008 352  9  3  66.6
2008 352 10  3  66.6
2008 352 11  3  66.6
2008 352 12 17  66.6
2008 352 13 17  66.6
2008 352 14 17  66.6
2008 352 15 20  66.6
2008 352 16 20  66.6
2008 352 17 20  66.6
2008 352 18 13  66.6
2008 352 19 13  66.6
2008 352 20 13  66.6
2008 352 21  7  66.6
2008 352 22  7  66.6
2008 352 23  7  66.6
2008 353  0  0  66.2
2008 353  1  0  66.2
2008 353  2  0  66.2
2008 353  3  3  66.2
2008 353  4  3  66.2
2008 353  5  3  66.2
2008 353  6  0  66.2
2008 353  7  0  66.2
2008 353  8  0  66.2
2008 353  9  0  66.2
2008 353 10  0  66.2
2008 353 11  0  66.2
2008 353 12  3  66.2
2008 353 13  3  66.2
2008 353 14  3  66.2
2008 353 15  7  66.2
2008 353 16  7  66.2
2008 353 17  7  66.2
2008 353 18  7  66.2
2008 353 19  7  66.2
2008 353 20  7  66.2
2008 353 21  7  66.2
2008 353 22  7  66.2
2008 353 23  7  66.2
2008 354  0  7  67.0
2008 354  1  7  67.0
2008 354  2  7  67.0
2008 354  3  7  67.0
2008 354  4  7  67.0
2008 354  5  7  67.0
2008 354  6  3  67.0
2008 354  7  3  67.0
2008 354  8  3  67.0
2008 354  9 13  67.0
2008 354 10 13  67.0
2008 354 11 13  67.0
2008 354 12 13  67.0
2008 354 13 13  67.0
2008 354 14 13  67.0
2008 354 15 13  67.0
2008 354 16 13  67.0
2008 354 17 13  67.0
2008 354 18  7  67.0
2008 354 19  7  67.0
2008 354 20  7  67.0
2008 354 21 10  67.0
2008 354 22 10  67.0
2008 354 23 10  67.0
2008 355  0  3  66.9
2008 355  1  3  66.9
2008 355  2  3  66.9
2008 355  3  0  66.9
2008 355  4  0  66.9
2008 355  5  0  66.9
2008 355  6  7  66.9
2008 355  7  7  66.9
2008 355  8  7  66.9
2008 355  9  7  66.9
2008 355 10  7  66.9
2008 355 11  7  66.9
2008 355 12  7  66.9
2008 355 13  7  66.9
2008 355 14  7  66.9
2008 355 15  7  66.9
2008 355 16  7  66.9
2008 355 17  7  66.9
2008 355 18  3  66.9
2008 355 19  3  66.9
2008 355 20  3  66.9
2008 355 21  0  66.9
2008 355 22  0  66.9
2008 355 23  0  66.9
2008 356  0  3 999.9
2008 356  1  3 999.9
2008 356  2  3 999.9
2008 356  3 10 999.9
2008 356  4 10 999.9
2008 356  5 10 999.9
2008 356  6  7 999.9
2008 356  7  7 999.9
2008 356  8  7 999.9
2008 356  9  3 999.9
2008 356 10  3 999.9
2008 356 11  3 999.9
2008 356 12  0 999.9
2008 356 13  0 999.9
2008 356 14  0 999.9
2008 356 15  0 999.9
2008 356 16  0 999.9
2008 356 17  0 999.9
2008 356 18  0 999.9
2008 356 19  0 999.9
2008 356 20  0 999.9
2008 356 21  0 999.9
2008 356 22  0 999.9
2008 356 23  0 999.9
2008 357  0  0  65.5
2008 357  1  0  65.5
2008 357  2  0  65.5
2008 357  3  3  65.5
2008 357  4  3  65.5
2008 357  5  3  65.5
2008 357  6  0  65.5
2008 357  7  0  65.5
2008 357  8  0  65.5
2008 357  9  0  65.5
2008 357 10  0  65.5
2008 357 11  0  65.5
2008 357 12  3  65.5
2008 357 13  3  65.5
2008 357 14  3  65.5
2008 357 15 33  65.5
2008 357 16 33  65.5
2008 357 17 33  65.5
2008 357 18 23  65.5
2008 357 19 23  65.5
2008 357 20 23  65.5
2008 357 21 17  65.5
2008 357 22 17  65.5
2008 357 23 17  65.5
2008 358  0 23  66.3
2008 358  1 23  66.3
2008 358  2 23  66.3
2008 358  3 27  66.3
2008 358  4 27  66.3
2008 358  5 27  66.3
2008 358  6 17  66.3
2008 358  7 17  66.3
2008 358  8 17  66.3
2008 358  9 20  66.3
2008 358 10 20  66.3
2008 358 11 20  66.3
2008 358 12 20  66.3
2008 358 13 20  66.3
2008 358 14 20  66.3
2008 358 15 27  66.3
2008 358 16 27  66.3
2008 358 17 27  66.3
2008 358 18 30  66.3
2008 358 19 30  66.3
2008 358 20 30  66.3
2008 358 21 37  66.3
2008 358 22 37  66.3
2008 358 23 37  66.3
2008 359  0 27  67.1
2008 359  1 27  67.1
2008 359  2 27  67.1
2008 359  3 23  67.1
2008 359  4 23  67.1
2008 359  5 23  67.1
2008 359  6 17  67.1
2008 359  7 17  67.1
2008 359  8 17  67.1
2008 359  9 20  67.1
2008 359 10 20  67.1
2008 359 11 20  67.1
2008 359 12 10  67.1
2008 359 13 10  67.1
2008 359 14 10  67.1
2008 359 15 17  67.1
2008 359 16 17  67.1
2008 359 17 17  67.1
2008 359 18 20  67.1
2008 359 19 20  67.1
2008 359 20 20  67.1
2008 359 21 10  67.1
2008 359 22 10  67.1
2008 359 23 10  67.1
2008 360  0  3  67.0
2008 360  1  3  67.0
2008 360  2  3  67.0
2008 360  3  3  67.0
2008 360  4  3  67.0
2008 360  5  3  67.0
2008 360  6  0  67.0
2008 360  7  0  67.0
2008 360  8  0  67.0
2008 360  9 10  67.0
2008 360 10 10  67.0
2008 360 11 10  67.0
2008 360 12 20  67.0
2008 360 13 20  67.0
2008 360 14 20  67.0
2008 360 15  7  67.0
2008 360 16  7  67.0
2008 360 17  7  67.0
2008 360 18 17  67.0
2008 360 19 17  67.0
2008 360 20 17  67.0
2008 360 21 13  67.0
2008 360 22 13  67.0
2008 360 23 13  67.0
2008 361  0 17  67.0
2008 361  1 17  67.0
2008 361  2 17  67.0
2008 361  3  3  67.0
2008 361  4  3  67.0
2008 361  5  3  67.0
2008 361  6  0  67.0
2008 361  7  0  67.0
2008 361  8  0  67.0
2008 361  9  0  67.0
2008 361 10  0  67.0
2008 361 11  0  67.0
2008 361 12  3  67.0
2008 361 13  3  67.0
2008 361 14  3  67.0
2008 361 15  3  67.0
2008 361 16  3  67.0
2008 361 17  3  67.0
2008 361 18  7  67.0
2008 361 19  7  67.0
2008 361 20  7  67.0
2008 361 21  7  67.0
2008 361 22  7  67.0
2008 361 23  7  67.0
2008 362  0 13  67.1
2008 362  1 13  67.1
2008 362  2 13  67.1
2008 362  3  0  67.1
2008 362  4  0  67.1
2008 362  5  0  67.1
2008 362  6  0  67.1
2008 362  7  0  67.1
2008 362  8  0  67.1
2008 362  9  0  67.1
2008 362 10  0  67.1
2008 362 11  0  67.1
2008 362 12  3  67.1
2008 362 13  3  67.1
2008 362 14  3  67.1
2008 362 15  3  67.1
2008 362 16  3  67.1
2008 362 17  3  67.1
2008 362 18  3  67.1
2008 362 19  3  67.1
2008 362 20  3  67.1
2008 362 21  7  67.1
2008 362 22  7  67.1
2008 362 23  7  67.1
2008 363  0 10  67.5
2008 363  1 10  67.5
2008 363  2 10  67.5
2008 363  3  0  67.5
2008 363  4  0  67.5
2008 363  5  0  67.5
2008 363  6  3  67.5
2008 363  7  3  67.5
2008 363  8  3  67.5
2008 363  9  7  67.5
2008 363 10  7  67.5
2008 363 11  7  67.5
2008 363 12  3  67.5
2008 363 13  3  67.5
2008 363 14  3  67.5
2008 363 15  7  67.5
2008 363 16  7  67.5
2008 363 17  7  67.5
2008 363 18  3  67.5
2008 363 19  3  67.5
2008 363 20  3  67.5
2008 363 21  3  67.5
2008 363 22  3  67.5
2008 363 23  3  67.5
2008 364  0  3  67.5
2008 364  1  3  67.5
2008 364  2  3  67.5
2008 364  3  0  67.5
2008 364  4  0  67.5
2008 364  5  0  67.5
2008 364  6  0  67.5
2008 364  7  0  67.5
2008 364  8  0  67.5
2008 364  9  3  67.5
2008 364 10  3  67.5
2008 364 11  3  67.5
2008 364 12  0  67.5
2008 364 13  0  67.5
2008 364 14  0  67.5
2008 364 15  3  67.5
2008 364 16  3  67.5
2008 364 17  3  67.5
2008 364 18  0  67.5
2008 364 19  0  67.5
2008 364 20  0  67.5
2008 364 21  3  67.5
2008 364 22  3  67.5
2008 364 23  3  67.5
2008 365  0  0  66.3
2008 365  1  0  66.3
2008 365  2  0  66.3
2008 365  3  0  66.3
2008 365  4  0  66.3
2008 365  5  0  66.3
2008 365  6  0  66.3
2008 365  7  0  66.3
2008 365  8  0  66.3
2008 365  9  0  66.3
2008 365 10  0  66.3
2008 365 11  0  66.3
2008 365 12  0  66.3
2008 365 13  0  66.3
2008 365 14  0  66.3
2008 365 15  0  66.3
2008 365 16  0  66.3
2008 365 17  0  66.3
2008 365 18  3  66.3
2008 365 19  3  66.3
2008 365 20  3  66.3
2008 365 21 10  66.3
2008 365 22 10  66.3
2008 365 23 10  66.3
2008 366  0 30  67.0
2008 366  1 30  67.0
2008 366  2 30  67.0
2008 366  3 33  67.0
2008 366  4 33  67.0
2008 366  5 33  67.0
2008 366  6 30  67.0
2008 366  7 30  67.0
2008 366  8 30  67.0
2008 366  9 33  67.0
2008 366 10 33  67.0
2008 366 11 33  67.0
2008 366 12 23  67.0
2008 366 13 23  67.0
2008 366 14 23  67.0
2008 366 15 23  67.0
2008 366 16 23  67.0
2008 366 17 23  67.0
2008 366 18 27  67.0
2008 366 19 27  67.0
2008 366 20 27  67.0
2008 366 21 23  67.0
2008 366 22 23  67.0
2008 366 23 23  67.0
2009   1  0 17  66.6
2009   1  1 17  66.6
2009   1  2 17  66.6
2009   1  3 23  66.6
2009   1  4 23  66.6
2009   1  5 23  66.6
2009   1  6 27  66.6
2009   1  7 27  66.6
2009   1  8 27  66.6
2009   1  9 20  66.6
2009   1 10 20  66.6
2009   1 11 20  66.6
2009   1 12 23  66.6
2009   1 13 23  66.6
2009   1 14 23  66.6
2009   1 15 17  66.6
2009   1 16 17  66.6
2009   1 17 17  66.6
2009   1 18  7  66.6
2009   1 19  7  66.6
2009   1 20  7  66.6
2009   1 21 17  66.6
2009   1 22 17  66.6
2009   1 23 17  66.6
2009   2  0  7  67.6
2009   2  1  7  67.6
2009   2  2  7  67.6
2009   2  3  7  67.6
2009   2  4  7  67.6
2009   2  5  7  67.6
2009   2  6  0  67.6
2009   2  7  0  67.6
2009   2  8  0  67.6
2009   2  9  3  67.6
2009   2 10  3  67.6
2009   2 11  3  67.6
2009   2 12  7  67.6
2009   2 13  7  67.6
2009   2 14  7  67.6
2009   2 15 20  67.6
2009   2 16 20  67.6
2009   2 17 20  67.6
2009   2 18 17  67.6
2009   2 19 17  67.6
2009   2 20 17  67.6
2009   2 21 27  67.6
2009   2 22 27  67.6
2009   2 23 27  67.6
2009   3  0 27  67.2
2009   3  1 27  67.2
2009   3  2 27  67.2
2009   3  3 30  67.2
2009   3  4 30  67.2
2009   3  5 30  67.2
2009   3  6 27  67.2
2009   3  7 27  67.2
2009   3  8 27  67.2
2009   3  9 37  67.2
2009   3 10 37  67.2
2009   3 11 37  67.2
2009   3 12 20  67.2
2009   3 13 20  67.2
2009   3 14 20  67.2
2009   3 15 23  67.2
2009   3 16 23  67.2
2009   3 17 23  67.2
2009   3 18  7  67.2
2009   3 19  7  67.2
2009   3 20  7  67.2
2009   3 21 20  67.2
2009   3 22 20  67.2
2009   3 23 20  67.2
2009   4  0 23  66.6
2009   4  1 23  66.6
2009   4  2 23  66.6
2009   4  3  7  66.6
2009   4  4  7  66.6
2009   4  5  7  66.6
2009   4  6  7  66.6
2009   4  7  7  66.6
2009   4  8  7  66.6
2009   4  9 10  66.6
2009   4 10 10  66.6
2009   4 11 10  66.6
2009   4 12  7  66.6
2009   4 13  7  66.6
2009   4 14  7  66.6
2009   4 15 23  66.6
2009   4 16 23  66.6
2009   4 17 23  66.6
2009   4 18 17  66.6
2009   4 19 17  66.6
2009   4 20 17  66.6
2009   4 21  3  66.6
2009   4 22  3  66.6
2009   4 23  3  66.6
2009   5  0 10  66.9
2009   5  1 10  66.9
2009   5  2 10  66.9
2009   5  3 13  66.9
2009   5  4 13  66.9
2009   5  5 13  66.9
2009   5  6 10  66.9
2009   5  7 10  66.9
2009   5  8 10  66.9
2009   5  9 10  66.9
2009   5 10 10  66.9
2009   5 11 10  66.9
2009   5 12 10  66.9
2009   5 13 10  66.9
2009   5 14 10  66.9
2009   5 15 17  66.9
2009   5 16 17  66.9
2009   5 17 17  66.9
2009   5 18 10  66.9
2009   5 19 10  66.9
2009   5 20 10  66.9
2009   5 21 20  66.9
2009   5 22 20  66.9
2009   5 23 20  66.9
2009   6  0 20  66.5
2009   6  1 20  66.5
2009   6  2 20  66.5
2009   6  3 17  66.5
2009   6  4 17  66.5
2009   6  5 17  66.5
2009   6  6  3  66.5
2009   6  7  3  66.5
2009   6  8  3  66.5
2009   6  9 10  66.5
2009   6 10 10  66.5
2009   6 11 10  66.5
2009   6 12 10  66.5
2009   6 13 10  66.5
2009   6 14 10  66.5
2009   6 15 13  66.5
2009   6 16 13  66.5
2009   6 17 13  66.5
2009   6 18  0  66.5
2009   6 19  0  66.5
2009   6 20  0  66.5
2009   6 21  0  66.5
2009   6 22  0  66.5
2009   6 23  0  66.5
2009   7  0  3  66.7
2009   7  1  3  66.7
2009   7  2  3  66.7
2009   7  3  7  66.7
2009   7  4  7  66.7
2009   7  5  7  66.7
2009   7  6 10  66.7
2009   7  7 10  66.7
2009   7  8 10  66.7
2009   7  9  3  66.7
2009   7 10  3  66.7
2009   7 11  3  66.7
2009   7 12  3  66.7
2009   7 13  3  66.7
2009   7 14  3  66.7
2009   7 15  7  66.7
2009   7 16  7  66.7
2009   7 17  7  66.7
2009   7 18  0  66.7
2009   7 19  0  66.7
2009   7 20  0  66.7
2009   7 21  7  66.7
2009   7 22  7  66.7
2009   7 23  7  66.7
2009   8  0  0  66.5
2009   8  1  0  66.5
2009   8  2  0  66.5
2009   8  3  0  66.5
2009   8  4  0  66.5
2009   8  5  0  66.5
2009   8  6  3  66.5
2009   8  7  3  66.5
2009   8  8  3  66.5
2009   8  9  7  66.5
2009   8 10  7  66.5
2009   8 11  7  66.5
2009   8 12 20  66.5
2009   8 13 20  66.5
2009   8 14 20  66.5
2009   8 15 13  66.5
2009   8 16 13  66.5
2009   8 17 13  66.5
2009   8 18  7  66.5
2009   8 19  7  66.5
2009   8 20  7  66.5
2009   8 21 13  66.5
2009   8 22 13  66.5
2009   8 23 13  66.5
2009   9  0 17  67.4
2009   9  1 17  67.4
2009   9  2 17  67.4
2009   9  3 13  67.4
2009   9  4 13  67.4
2009   9  5 13  67.4
2009   9  6 10  67.4
2009   9  7 10  67.4
2009   9  8 10  67.4
2009   9  9  7  67.4
2009   9 10  7  67.4
2009   9 11  7  67.4
2009   9 12 20  67.4
2009   9 13 20  67.4
2009   9 14 20  67.4
2009   9 15 17  67.4
2009   9 16 17  67.4
2009   9 17 17  67.4
2009   9 18 17  67.4
2009   9 19 17  67.4
2009   9 20 17  67.4
2009   9 21 10  67.4
2009   9 22 10  67.4
2009   9 23 10  67.4
2009  10  0 30  68.5
2009  10  1 30  68.5
2009  10  2 30  68.5
2009  10  3 23  68.5
2009  10  4 23  68.5
2009  10  5 23  68.5
2009  10  6 10  68.5
2009  10  7 10  68.5
2009  10  8 10  68.5
2009  10  9 10  68.5
2009  10 10 10  68.5
2009  10 11 10  68.5
2009  10 12  3  68.5
2009  10 13  3  68.5
2009  10 14  3  68.5
2009  10 15  0  68.5
2009  10 16  0  68.5
2009  10 17  0  68.5
2009  10 18  3  68.5
2009  10 19  3  68.5
2009  10 20  3  68.5
2009  10 21 10  68.5
2009  10 22 10  68.5
2009  10 23 10  68.5
2009  11  0 10  67.7
2009  11  1 10  67.7
2009  11  2 10  67.7
2009  11  3  0  67.7
2009  11  4  0  67.7
2009  11  5  0  67.7
2009  11  6  0  67.7
2009  11  7  0  67.7
2009  11  8  0  67.7
2009  11  9  7  67.7
2009  11 10  7  67.7
2009  11 11  7  67.7
2009  11 12  0  67.7
2009  11 13  0  67.7
2009  11 14  0  67.7
2009  11 15  0  67.7
2009  11 16  0  67.7
2009  11 17  0  67.7
2009  11 18  0  67.7
2009  11 19  0  67.7
2009  11 20  0  67.7
2009  11 21  0  67.7
2009  11 22  0  67.7
2009  11 23  0  67.7
2009  12  0  0  67.0
2009  12  1  0  67.0
2009  12  2  0  67.0
2009  12  3  0  67.0
2009  12  4  0  67.0
2009  12  5  0  67.0
2009  12  6  0  67.0
2009  12  7  0  67.0
2009  12  8  0  67.0
2009  12  9  0  67.0
2009  12 10  0  67.0
2009  12 11  0  67.0
2009  12 12  0  67.0
2009  12 13  0  67.0
2009  12 14  0  67.0
2009  12 15  0  67.0
2009  12 16  0  67.0
2009  12 17  0  67.0
2009  12 18  3  67.0
2009  12 19  3  67.0
2009  12 20  3  67.0
2009  12 21  0  67.0
2009  12 22  0  67.0
2009  12 23  0  67.0
2009  13  0 10  68.2
2009  13  1 10  68.2
2009  13  2 10  68.2
2009  13  3 20  68.2
2009  13  4 20  68.2
2009  13  5 20  68.2
2009  13  6 17  68.2
2009  13  7 17  68.2
2009  13  8 17  68.2
2009  13  9  0  68.2
2009  13 10  0  68.2
2009  13 11  0  68.2
2009  13 12 10  68.2
2009  13 13 10  68.2
2009  13 14 10  68.2
2009  13 15 10  68.2
2009  13 16 10  68.2
2009  13 17 10  68.2
2009  13 18 13  68.2
2009  13 19 13  68.2
2009  13 20 13  68.2
2009  13 21 10  68.2
2009  13 22 10  68.2
2009  13 23 10  68.2
2009  14  0 23  68.9
2009  14  1 23  68.9
2009  14  2 23  68.9
2009  14  3 20  68.9
2009  14  4 20  68.9
2009  14  5 20  68.9
2009  14  6 10  68.9
2009  14  7 10  68.9
2009  14  8 10  68.9
2009  14  9 17  68.9
2009  14 10 17  68.9
2009  14 11 17  68.9
2009  14 12 23  68.9
2009  14 13 23  68.9
2009  14 14 23  68.9
2009  14 15  7  68.9
2009  14 16  7  68.9
2009  14 17  7  68.9
2009  14 18 13  68.9
2009  14 19 13  68.9
2009  14 20 13  68.9
2009  14 21 13  68.9
2009  14 22 13  68.9
2009  14 23 13  68.9
2009  15  0 13  68.8
2009  15  1 13  68.8
2009  15  2 13  68.8
2009  15  3 20  68.8
2009  15  4 20  68.8
2009  15  5 20  68.8
2009  15  6 10  68.8
2009  15  7 10  68.8
2009  15  8 10  68.8
2009  15  9 13  68.8
2009  15 10 13  68.8
2009  15 11 13  68.8
2009  15 12  7  68.8
2009  15 13  7  68.8
2009  15 14  7  68.8
2009  15 15 20  68.8
2009  15 16 20  68.8
2009  15 17 20  68.8
2009  15 18 23  68.8
2009  15 19 23  68.8
2009  15 20 23  68.8
2009  15 21 23  68.8
2009  15 22 23  68.8
2009  15 23 23  68.8
2009  16  0 20  68.5
2009  16  1 20  68.5
2009  16  2 20  68.5
2009  16  3 20  68.5
2009  16  4 20  68.5
2009  16  5 20  68.5
2009  16  6  0  68.5
2009  16  7  0  68.5
2009  16  8  0  68.5
2009  16  9  7  68.5
2009  16 10  7  68.5
2009  16 11  7  68.5
2009  16 12  7  68.5
2009  16 13  7  68.5
2009  16 14  7  68.5
2009  16 15 13  68.5
2009  16 16 13  68.5
2009  16 17 13  68.5
2009  16 18 10  68.5
2009  16 19 10  68.5
2009  16 20 10  68.5
2009  16 21  0  68.5
2009  16 22  0  68.5
2009  16 23  0  68.5
2009  17  0  3  69.6
2009  17  1  3  69.6
2009  17  2  3  69.6
2009  17  3  7  69.6
2009  17  4  7  69.6
2009  17  5  7  69.6
2009  17  6 10  69.6
2009  17  7 10  69.6
2009  17  8 10  69.6
2009  17  9  3  69.6
2009  17 10  3  69.6
2009  17 11  3  69.6
2009  17 12  3  69.6
2009  17 13  3  69.6
2009  17 14  3  69.6
2009  17 15 13  69.6
2009  17 16 13  69.6
2009  17 17 13  69.6
2009  17 18 10  69.6
2009  17 19 10  69.6
2009  17 20 10  69.6
2009  17 21  3  69.6
2009  17 22  3  69.6
2009  17 23  3  69.6
2009  18  0  3  68.8
2009  18  1  3  68.8
2009  18  2  3  68.8
2009  18  3  0  68.8
2009  18  4  0  68.8
2009  18  5  0  68.8
2009  18  6  3  68.8
2009  18  7  3  68.8
2009  18  8  3  68.8
2009  18  9  7  68.8
2009  18 10  7  68.8
2009  18 11  7  68.8
2009  18 12  3  68.8
2009  18 13  3  68.8
2009  18 14  3  68.8
2009  18 15  7  68.8
2009  18 16  7  68.8
2009  18 17  7  68.8
2009  18 18 10  68.8
2009  18 19 10  68.8
2009  18 20 10  68.8
2009  18 21 10  68.8
2009  18 22 10  68.8
2009  18 23 10  68.8
2009  19  0 40  68.6
2009  19  1 40  68.6
2009  19  2 40  68.6
2009  19  3 23  68.6
2009  19  4 23  68.6
2009  19  5 23  68.6
2009  19  6 23  68.6
2009  19  7 23  68.6
2009  19  8 23  68.6
2009  19  9  7  68.6
2009  19 10  7  68.6
2009  19 11  7  68.6
2009  19 12 10  68.6
2009  19 13 10  68.6
2009  19 14 10  68.6
2009  19 15 17  68.6
2009  19 16 17  68.6
2009  19 17 17  68.6
2009  19 18 17  68.6
2009  19 19 17  68.6
2009  19 20 17  68.6
2009  19 21 23  68.6
2009  19 22 23  68.6
2009  19 23 23  68.6
2009  20  0 20  68.1
2009  20  1 20  68.1
2009  20  2 20  68.1
2009  20  3  7  68.1
2009  20  4  7  68.1
2009  20  5  7  68.1
2009  20  6  7  68.1
2009  20  7  7  68.1
2009  20  8  7  68.1
2009  20  9  3  68.1
2009  20 10  3  68.1
2009  20 11  3  68.1
2009  20 12  3  68.1
2009  20 13  3  68.1
2009  20 14  3  68.1
2009  20 15  0  68.1
2009  20 16  0  68.1
2009  20 17  0  68.1
2009  20 18 20  68.1
2009  20 19 20  68.1
2009  20 20 20  68.1
2009  20 21 13  68.1
2009  20 22 13  68.1
2009  20 23 13  68.1
2009  21  0  0  67.2
2009  21  1  0  67.2
2009  21  2  0  67.2
2009  21  3  0  67.2
2009  21  4  0  67.2
2009  21  5  0  67.2
2009  21  6  0  67.2
2009  21  7  0  67.2
2009  21  8  0  67.2
2009  21  9 10  67.2
2009  21 10 10  67.2
2009  21 11 10  67.2
2009  21 12  7  67.2
2009  21 13  7  67.2
2009  21 14  7  67.2
2009  21 15 20  67.2
2009  21 16 20  67.2
2009  21 17 20  67.2
2009  21 18 20  67.2
2009  21 19 20  67.2
2009  21 20 20  67.2
2009  21 21 10  67.2
2009  21 22 10  67.2
2009  21 23 10  67.2
2009  22  0  0  66.9
2009  22  1  0  66.9
2009  22  2  0  66.9
2009  22  3  7  66.9
2009  22  4  7  66.9
2009  22  5  7  66.9
2009  22  6  3  66.9
2009  22  7  3  66.9
2009  22  8  3  66.9
2009  22  9  3  66.9
2009  22 10  3  66.9
2009  22 11  3  66.9
2009  22 12  3  66.9
2009  22 13  3  66.9
2009  22 14  3  66.9
2009  22 15  3  66.9
2009  22 16  3  66.9
2009  22 17  3  66.9
2009  22 18  3  66.9
2009  22 19  3  66.9
2009  22 20  3  66.9
2009  22 21  0  66.9
2009  22 22  0  66.9
2009  22 23  0  66.9
2009  23  0  0  67.8
2009  23  1  0  67.8
2009  23  2  0  67.8
2009  23  3  0  67.8
2009  23  4  0  67.8
2009  23  5  0  67.8
2009  23  6  3  67.8
2009  23  7  3  67.8
2009  23  8  3  67.8
2009  23  9  3  67.8
2009  23 10  3  67.8
2009  23 11  3  67.8
2009  23 12  7  67.8
2009  23 13  7  67.8
2009  23 14  7  67.8
2009  23 15  0  67.8
2009  23 16  0  67.8
2009  23 17  0  67.8
2009  23 18  0  67.8
2009  23 19  0  67.8
2009  23 20  0  67.8
2009  23 21  7  67.8
2009  23 22  7  67.8
2009  23 23  7  67.8
2009  24  0 10  66.6
2009  24  1 10  66.6
2009  24  2 10  66.6
2009  24  3 10  66.6
2009  24  4 10  66.6
2009  24  5 10  66.6
2009  24  6  0  66.6
2009  24  7  0  66.6
2009  24  8  0  66.6
2009  24  9  0  66.6
2009  24 10  0  66.6
2009  24 11  0  66.6
2009  24 12  0  66.6
2009  24 13  0  66.6
2009  24 14  0  66.6
2009  24 15  3  66.6
2009  24 16  3  66.6
2009  24 17  3  66.6
2009  24 18  0  66.6
2009  24 19  0  66.6
2009  24 20  0  66.6
2009  24 21  3  66.6
2009  24 22  3  66.6
2009  24 23  3  66.6
2009  25  0  7  67.7
2009  25  1  7  67.7
2009  25  2  7  67.7
2009  25  3  0  67.7
2009  25  4  0  67.7
2009  25  5  0  67.7
2009  25  6  0  67.7
2009  25  7  0  67.7
2009  25  8  0  67.7
2009  25  9  0  67.7
2009  25 10  0  67.7
2009  25 11  0  67.7
2009  25 12  7  67.7
2009  25 13  7  67.7
2009  25 14  7  67.7
2009  25 15  3  67.7
2009  25 16  3  67.7
2009  25 17  3  67.7
2009  25 18  3  67.7
2009  25 19  3  67.7
2009  25 20  3  67.7
2009  25 21 17  67.7
2009  25 22 17  67.7
2009  25 23 17  67.7
2009  26  0 33  67.8
2009  26  1 33  67.8
2009  26  2 33  67.8
2009  26  3 23  67.8
2009  26  4 23  67.8
2009  26  5 23  67.8
2009  26  6 27  67.8
2009  26  7 27  67.8
2009  26  8 27  67.8
2009  26  9 20  67.8
2009  26 10 20  67.8
2009  26 11 20  67.8
2009  26 12 30  67.8
2009  26 13 30  67.8
2009  26 14 30  67.8
2009  26 15 33  67.8
2009  26 16 33  67.8
2009  26 17 33  67.8
2009  26 18 17  67.8
2009  26 19 17  67.8
2009  26 20 17  67.8
2009  26 21  3  67.8
2009  26 22  3  67.8
2009  26 23  3  67.8
2009  27  0  3  67.6
2009  27  1  3  67.6
2009  27  2  3  67.6
2009  27  3 10  67.6
2009  27  4 10  67.6
2009  27  5 10  67.6
2009  27  6  3  67.6
2009  27  7  3  67.6
2009  27  8  3  67.6
2009  27  9  3  67.6
2009  27 10  3  67.6
2009  27 11  3  67.6
2009  27 12  3  67.6
2009  27 13  3  67.6
2009  27 14  3  67.6
2009  27 15 17  67.6
2009  27 16 17  67.6
2009  27 17 17  67.6
2009  27 18 20  67.6
2009  27 19 20  67.6
2009  27 20 20  67.6
2009  27 21 17  67.6
2009  27 22 17  67.6
2009  27 23 17  67.6
2009  28  0  0  67.4
2009  28  1  0  67.4
2009  28  2  0  67.4
2009  28  3  0  67.4
2009  28  4  0  67.4
2009  28  5  0  67.4
2009  28  6  0  67.4
2009  28  7  0  67.4
2009  28  8  0  67.4
2009  28  9 10  67.4
2009  28 10 10  67.4
2009  28 11 10  67.4
2009  28 12  7  67.4
2009  28 13  7  67.4
2009  28 14  7  67.4
2009  28 15  7  67.4
2009  28 16  7  67.4
2009  28 17  7  67.4
2009  28 18  3  67.4
2009  28 19  3  67.4
2009  28 20  3  67.4
2009  28 21  7  67.4
2009  28 22  7  67.4
2009  28 23  7  67.4
2009  29  0  0  67.3
2009  29  1  0  67.3
2009  29  2  0  67.3
2009  29  3 20  67.3
2009  29  4 20  67.3
2009  29  5 20  67.3
2009  29  6 23  67.3
2009  29  7 23  67.3
2009  29  8 23  67.3
2009  29  9 13  67.3
2009  29 10 13  67.3
2009  29 11 13  67.3
2009  29 12 13  67.3
2009  29 13 13  67.3
2009  29 14 13  67.3
2009  29 15  3  67.3
2009  29 16  3  67.3
2009  29 17  3  67.3
2009  29 18  3  67.3
2009  29 19  3  67.3
2009  29 20  3  67.3
2009  29 21  0  67.3
2009  29 22  0  67.3
2009  29 23  0  67.3
2009  30  0  3  67.1
2009  30  1  3  67.1
2009  30  2  3  67.1
2009  30  3 13  67.1
2009  30  4 13  67.1
2009  30  5 13  67.1
2009  30  6  3  67.1
2009  30  7  3  67.1
2009  30  8  3  67.1
2009  30  9 10  67.1
2009  30 10 10  67.1
2009  30 11 10  67.1
2009  30 12  3  67.1
2009  30 13  3  67.1
2009  30 14  3  67.1
2009  30 15  3  67.1
2009  30 16  3  67.1
2009  30 17  3  67.1
2009  30 18 13  67.1
2009  30 19 13  67.1
2009  30 20 13  67.1
2009  30 21 20  67.1
2009  30 22 20  67.1
2009  30 23 20  67.1
2009  31  0 13  67.4
2009  31  1 13  67.4
2009  31  2 13  67.4
2009  31  3 10  67.4
2009  31  4 10  67.4
2009  31  5 10  67.4
2009  31  6 23  67.4
2009  31  7 23  67.4
2009  31  8 23  67.4
2009  31  9 17  67.4
2009  31 10 17  67.4
2009  31 11 17  67.4
2009  31 12 27  67.4
2009  31 13 27  67.4
2009  31 14 27  67.4
2009  31 15 13  67.4
2009  31 16 13  67.4
2009  31 17 13  67.4
2009  31 18 20  67.4
2009  31 19 20  67.4
2009  31 20 20  67.4
2009  31 21 20  67.4
2009  31 22 20  67.4
2009  31 23 20  67.4
