2006 334  0 27  81.8
2006 334  1 27  81.8
2006 334  2 27  81.8
2006 334  3 40  81.8
2006 334  4 40  81.8
2006 334  5 40  81.8
2006 334  6 50  81.8
2006 334  7 50  81.8
2006 334  8 50  81.8
2006 334  9 47  81.8
2006 334 10 47  81.8
2006 334 11 47  81.8
2006 334 12 53  81.8
2006 334 13 53  81.8
2006 334 14 53  81.8
2006 334 15 43  81.8
2006 334 16 43  81.8
2006 334 17 43  81.8
2006 334 18 17  81.8
2006 334 19 17  81.8
2006 334 20 17  81.8
2006 334 21 10  81.8
2006 334 22 10  81.8
2006 334 23 10  81.8
2006 335  0 10  81.8
2006 335  1 10  81.8
2006 335  2 10  81.8
2006 335  3  7  81.8
2006 335  4  7  81.8
2006 335  5  7  81.8
2006 335  6  7  81.8
2006 335  7  7  81.8
2006 335  8  7  81.8
2006 335  9 10  81.8
2006 335 10 10  81.8
2006 335 11 10  81.8
2006 335 12  7  81.8
2006 335 13  7  81.8
2006 335 14  7  81.8
2006 335 15 10  81.8
2006 335 16 10  81.8
2006 335 17 10  81.8
2006 335 18 27  81.8
2006 335 19 27  81.8
2006 335 20 27  81.8
2006 335 21 17  81.8
2006 335 22 17  81.8
2006 335 23 17  81.8
2006 336  0  7  84.8
2006 336  1  7  84.8
2006 336  2  7  84.8
2006 336  3  7  84.8
2006 336  4  7  84.8
2006 336  5  7  84.8
2006 336  6  7  84.8
2006 336  7  7  84.8
2006 336  8  7  84.8
2006 336  9  0  84.8
2006 336 10  0  84.8
2006 336 11  0  84.8
2006 336 12  3  84.8
2006 336 13  3  84.8
2006 336 14  3  84.8
2006 336 15  7  84.8
2006 336 16  7  84.8
2006 336 17  7  84.8
2006 336 18  3  84.8
2006 336 19  3  84.8
2006 336 20  3  84.8
2006 336 21  7  84.8
2006 336 22  7  84.8
2006 336 23  7  84.8
2006 337  0 10  84.6
2006 337  1 10  84.6
2006 337  2 10  84.6
2006 337  3 17  84.6
2006 337  4 17  84.6
2006 337  5 17  84.6
2006 337  6  7  84.6
2006 337  7  7  84.6
2006 337  8  7  84.6
2006 337  9  0  84.6
2006 337 10  0  84.6
2006 337 11  0  84.6
2006 337 12  3  84.6
2006 337 13  3  84.6
2006 337 14  3  84.6
2006 337 15  7  84.6
2006 337 16  7  84.6
2006 337 17  7  84.6
2006 337 18 10  84.6
2006 337 19 10  84.6
2006 337 20 10  84.6
2006 337 21 13  84.6
2006 337 22 13  84.6
2006 337 23 13  84.6
2006 338  0  0  93.6
2006 338  1  0  93.6
2006 338  2  0  93.6
2006 338  3  0  93.6
2006 338  4  0  93.6
2006 338  5  0  93.6
2006 338  6  0  93.6
2006 338  7  0  93.6
2006 338  8  0  93.6
2006 338  9  0  93.6
2006 338 10  0  93.6
2006 338 11  0  93.6
2006 338 12  0  93.6
2006 338 13  0  93.6
2006 338 14  0  93.6
2006 338 15  0  93.6
2006 338 16  0  93.6
2006 338 17  0  93.6
2006 338 18  3  93.6
2006 338 19  3  93.6
2006 338 20  3  93.6
2006 338 21  3  93.6
2006 338 22  3  93.6
2006 338 23  3  93.6
2006 339  0  0  99.4
2006 339  1  0  99.4
2006 339  2  0  99.4
2006 339  3  0  99.4
2006 339  4  0  99.4
2006 339  5  0  99.4
2006 339  6  0  99.4
2006 339  7  0  99.4
2006 339  8  0  99.4
2006 339  9 23  99.4
2006 339 10 23  99.4
2006 339 11 23  99.4
2006 339 12  7  99.4
2006 339 13  7  99.4
2006 339 14  7  99.4
2006 339 15 10  99.4
2006 339 16 10  99.4
2006 339 17 10  99.4
2006 339 18  7  99.4
2006 339 19  7  99.4
2006 339 20  7  99.4
2006 339 21 17  99.4
2006 339 22 17  99.4
2006 339 23 17  99.4
2006 340  0 37  99.7
2006 340  1 37  99.7
2006 340  2 37  99.7
2006 340  3 37  99.7
2006 340  4 37  99.7
2006 340  5 37  99.7
2006 340  6 33  99.7
2006 340  7 33  99.7
2006 340  8 33  99.7
2006 340  9 47  99.7
2006 340 10 47  99.7
2006 340 11 47  99.7
2006 340 12 40  99.7
2006 340 13 40  99.7
2006 340 14 40  99.7
2006 340 15 33  99.7
2006 340 16 33  99.7
2006 340 17 33  99.7
2006 340 18 47  99.7
2006 340 19 47  99.7
2006 340 20 47  99.7
2006 340 21 37  99.7
2006 340 22 37  99.7
2006 340 23 37  99.7
2006 341  0 50  92.9
2006 341  1 50  92.9
2006 341  2 50  92.9
2006 341  3 40  92.9
2006 341  4 40  92.9
2006 341  5 40  92.9
2006 341  6 43  92.9
2006 341  7 43  92.9
2006 341  8 43  92.9
2006 341  9 37  92.9
2006 341 10 37  92.9
2006 341 11 37  92.9
2006 341 12 37  92.9
2006 341 13 37  92.9
2006 341 14 37  92.9
2006 341 15 37  92.9
2006 341 16 37  92.9
2006 341 17 37  92.9
2006 341 18 23  92.9
2006 341 19 23  92.9
2006 341 20 23  92.9
2006 341 21 33  92.9
2006 341 22 33  92.9
2006 341 23 33  92.9
2006 342  0 33  93.1
2006 342  1 33  93.1
2006 342  2 33  93.1
2006 342  3 50  93.1
2006 342  4 50  93.1
2006 342  5 50  93.1
2006 342  6 43  93.1
2006 342  7 43  93.1
2006 342  8 43  93.1
2006 342  9 37  93.1
2006 342 10 37  93.1
2006 342 11 37  93.1
2006 342 12 33  93.1
2006 342 13 33  93.1
2006 342 14 33  93.1
2006 342 15 30  93.1
2006 342 16 30  93.1
2006 342 17 30  93.1
2006 342 18 37  93.1
2006 342 19 37  93.1
2006 342 20 37  93.1
2006 342 21 30  93.1
2006 342 22 30  93.1
2006 342 23 30  93.1
2006 343  0 17  89.6
2006 343  1 17  89.6
2006 343  2 17  89.6
2006 343  3 20  89.6
2006 343  4 20  89.6
2006 343  5 20  89.6
2006 343  6 13  89.6
2006 343  7 13  89.6
2006 343  8 13  89.6
2006 343  9  3  89.6
2006 343 10  3  89.6
2006 343 11  3  89.6
2006 343 12  0  89.6
2006 343 13  0  89.6
2006 343 14  0  89.6
2006 343 15 27  89.6
2006 343 16 27  89.6
2006 343 17 27  89.6
2006 343 18 27  89.6
2006 343 19 27  89.6
2006 343 20 27  89.6
2006 343 21 37  89.6
2006 343 22 37  89.6
2006 343 23 37  89.6
2006 344  0 23  87.3
2006 344  1 23  87.3
2006 344  2 23  87.3
2006 344  3 33  87.3
2006 344  4 33  87.3
2006 344  5 33  87.3
2006 344  6 20  87.3
2006 344  7 20  87.3
2006 344  8 20  87.3
2006 344  9 27  87.3
2006 344 10 27  87.3
2006 344 11 27  87.3
2006 344 12 37  87.3
2006 344 13 37  87.3
2006 344 14 37  87.3
2006 344 15 40  87.3
2006 344 16 40  87.3
2006 344 17 40  87.3
2006 344 18 27  87.3
2006 344 19 27  87.3
2006 344 20 27  87.3
2006 344 21 37  87.3
2006 344 22 37  87.3
2006 344 23 37  87.3
2006 345  0 30  89.4
2006 345  1 30  89.4
2006 345  2 30  89.4
2006 345  3 37  89.4
2006 345  4 37  89.4
2006 345  5 37  89.4
2006 345  6 37  89.4
2006 345  7 37  89.4
2006 345  8 37  89.4
2006 345  9 20  89.4
2006 345 10 20  89.4
2006 345 11 20  89.4
2006 345 12 17  89.4
2006 345 13 17  89.4
2006 345 14 17  89.4
2006 345 15  7  89.4
2006 345 16  7  89.4
2006 345 17  7  89.4
2006 345 18 20  89.4
2006 345 19 20  89.4
2006 345 20 20  89.4
2006 345 21 43  89.4
2006 345 22 43  89.4
2006 345 23 43  89.4
2006 346  0 30  98.9
2006 346  1 30  98.9
2006 346  2 30  98.9
2006 346  3 53  98.9
2006 346  4 53  98.9
2006 346  5 53  98.9
2006 346  6 37  98.9
2006 346  7 37  98.9
2006 346  8 37  98.9
2006 346  9 23  98.9
2006 346 10 23  98.9
2006 346 11 23  98.9
2006 346 12 43  98.9
2006 346 13 43  98.9
2006 346 14 43  98.9
2006 346 15 40  98.9
2006 346 16 40  98.9
2006 346 17 40  98.9
2006 346 18 40  98.9
2006 346 19 40  98.9
2006 346 20 40  98.9
2006 346 21 40  98.9
2006 346 22 40  98.9
2006 346 23 40  98.9
2006 347  0 33  90.7
2006 347  1 33  90.7
2006 347  2 33  90.7
2006 347  3 33  90.7
2006 347  4 33  90.7
2006 347  5 33  90.7
2006 347  6 10  90.7
2006 347  7 10  90.7
2006 347  8 10  90.7
2006 347  9  7  90.7
2006 347 10  7  90.7
2006 347 11  7  90.7
2006 347 12  3  90.7
2006 347 13  3  90.7
2006 347 14  3  90.7
2006 347 15 10  90.7
2006 347 16 10  90.7
2006 347 17 10  90.7
2006 347 18 10  90.7
2006 347 19 10  90.7
2006 347 20 10  90.7
2006 347 21 27  90.7
2006 347 22 27  90.7
2006 347 23 27  90.7
2006 348  0 30  90.5
2006 348  1 30  90.5
2006 348  2 30  90.5
2006 348  3 23  90.5
2006 348  4 23  90.5
2006 348  5 23  90.5
2006 348  6 20  90.5
2006 348  7 20  90.5
2006 348  8 20  90.5
2006 348  9 20  90.5
2006 348 10 20  90.5
2006 348 11 20  90.5
2006 348 12 50  90.5
2006 348 13 50  90.5
2006 348 14 50  90.5
2006 348 15 53  90.5
2006 348 16 53  90.5
2006 348 17 53  90.5
2006 348 18 53  90.5
2006 348 19 53  90.5
2006 348 20 53  90.5
2006 348 21 77  90.5
2006 348 22 77  90.5
2006 348 23 77  90.5
2006 349  0 83  84.4
2006 349  1 83  84.4
2006 349  2 83  84.4
2006 349  3 77  84.4
2006 349  4 77  84.4
2006 349  5 77  84.4
2006 349  6 67  84.4
2006 349  7 67  84.4
2006 349  8 67  84.4
2006 349  9 57  84.4
2006 349 10 57  84.4
2006 349 11 57  84.4
2006 349 12 60  84.4
2006 349 13 60  84.4
2006 349 14 60  84.4
2006 349 15 40  84.4
2006 349 16 40  84.4
2006 349 17 40  84.4
2006 349 18 40  84.4
2006 349 19 40  84.4
2006 349 20 40  84.4
2006 349 21 37  84.4
2006 349 22 37  84.4
2006 349 23 37  84.4
2006 350  0 30  79.7
2006 350  1 30  79.7
2006 350  2 30  79.7
2006 350  3 33  79.7
2006 350  4 33  79.7
2006 350  5 33  79.7
2006 350  6 13  79.7
2006 350  7 13  79.7
2006 350  8 13  79.7
2006 350  9 13  79.7
2006 350 10 13  79.7
2006 350 11 13  79.7
2006 350 12  7  79.7
2006 350 13  7  79.7
2006 350 14  7  79.7
2006 350 15 27  79.7
2006 350 16 27  79.7
2006 350 17 27  79.7
2006 350 18 33  79.7
2006 350 19 33  79.7
2006 350 20 33  79.7
2006 350 21 33  79.7
2006 350 22 33  79.7
2006 350 23 33  79.7
2006 351  0 30  78.7
2006 351  1 30  78.7
2006 351  2 30  78.7
2006 351  3 13  78.7
2006 351  4 13  78.7
2006 351  5 13  78.7
2006 351  6 10  78.7
2006 351  7 10  78.7
2006 351  8 10  78.7
2006 351  9  3  78.7
2006 351 10  3  78.7
2006 351 11  3  78.7
2006 351 12  7  78.7
2006 351 13  7  78.7
2006 351 14  7  78.7
2006 351 15 13  78.7
2006 351 16 13  78.7
2006 351 17 13  78.7
2006 351 18 27  78.7
2006 351 19 27  78.7
2006 351 20 27  78.7
2006 351 21 10  78.7
2006 351 22 10  78.7
2006 351 23 10  78.7
2006 352  0 17  72.3
2006 352  1 17  72.3
2006 352  2 17  72.3
2006 352  3 23  72.3
2006 352  4 23  72.3
2006 352  5 23  72.3
2006 352  6 10  72.3
2006 352  7 10  72.3
2006 352  8 10  72.3
2006 352  9 20  72.3
2006 352 10 20  72.3
2006 352 11 20  72.3
2006 352 12 17  72.3
2006 352 13 17  72.3
2006 352 14 17  72.3
2006 352 15 27  72.3
2006 352 16 27  72.3
2006 352 17 27  72.3
2006 352 18 23  72.3
2006 352 19 23  72.3
2006 352 20 23  72.3
2006 352 21 43  72.3
2006 352 22 43  72.3
2006 352 23 43  72.3
2006 353  0 30  70.6
2006 353  1 30  70.6
2006 353  2 30  70.6
2006 353  3 33  70.6
2006 353  4 33  70.6
2006 353  5 33  70.6
2006 353  6 20  70.6
2006 353  7 20  70.6
2006 353  8 20  70.6
2006 353  9 33  70.6
2006 353 10 33  70.6
2006 353 11 33  70.6
2006 353 12 33  70.6
2006 353 13 33  70.6
2006 353 14 33  70.6
2006 353 15 23  70.6
2006 353 16 23  70.6
2006 353 17 23  70.6
2006 353 18 23  70.6
2006 353 19 23  70.6
2006 353 20 23  70.6
2006 353 21 23  70.6
2006 353 22 23  70.6
2006 353 23 23  70.6
2006 354  0 40  69.2
2006 354  1 40  69.2
2006 354  2 40  69.2
2006 354  3 33  69.2
2006 354  4 33  69.2
2006 354  5 33  69.2
2006 354  6 30  69.2
2006 354  7 30  69.2
2006 354  8 30  69.2
2006 354  9 27  69.2
2006 354 10 27  69.2
2006 354 11 27  69.2
2006 354 12 37  69.2
2006 354 13 37  69.2
2006 354 14 37  69.2
2006 354 15 37  69.2
2006 354 16 37  69.2
2006 354 17 37  69.2
2006 354 18 47  69.2
2006 354 19 47  69.2
2006 354 20 47  69.2
2006 354 21 47  69.2
2006 354 22 47  69.2
2006 354 23 47  69.2
2006 355  0 47  70.0
2006 355  1 47  70.0
2006 355  2 47  70.0
2006 355  3 33  70.0
2006 355  4 33  70.0
2006 355  5 33  70.0
2006 355  6 37  70.0
2006 355  7 37  70.0
2006 355  8 37  70.0
2006 355  9 33  70.0
2006 355 10 33  70.0
2006 355 11 33  70.0
2006 355 12 30  70.0
2006 355 13 30  70.0
2006 355 14 30  70.0
2006 355 15 33  70.0
2006 355 16 33  70.0
2006 355 17 33  70.0
2006 355 18 23  70.0
2006 355 19 23  70.0
2006 355 20 23  70.0
2006 355 21 20  70.0
2006 355 22 20  70.0
2006 355 23 20  70.0
2006 356  0 33  70.8
2006 356  1 33  70.8
2006 356  2 33  70.8
2006 356  3 33  70.8
2006 356  4 33  70.8
2006 356  5 33  70.8
2006 356  6 37  70.8
2006 356  7 37  70.8
2006 356  8 37  70.8
2006 356  9 43  70.8
2006 356 10 43  70.8
2006 356 11 43  70.8
2006 356 12 30  70.8
2006 356 13 30  70.8
2006 356 14 30  70.8
2006 356 15 27  70.8
2006 356 16 27  70.8
2006 356 17 27  70.8
2006 356 18 27  70.8
2006 356 19 27  70.8
2006 356 20 27  70.8
2006 356 21 33  70.8
2006 356 22 33  70.8
2006 356 23 33  70.8
2006 357  0 27  70.3
2006 357  1 27  70.3
2006 357  2 27  70.3
2006 357  3 27  70.3
2006 357  4 27  70.3
2006 357  5 27  70.3
2006 357  6 37  70.3
2006 357  7 37  70.3
2006 357  8 37  70.3
2006 357  9 23  70.3
2006 357 10 23  70.3
2006 357 11 23  70.3
2006 357 12 33  70.3
2006 357 13 33  70.3
2006 357 14 33  70.3
2006 357 15 40  70.3
2006 357 16 40  70.3
2006 357 17 40  70.3
2006 357 18 33  70.3
2006 357 19 33  70.3
2006 357 20 33  70.3
2006 357 21 23  70.3
2006 357 22 23  70.3
2006 357 23 23  70.3
2006 358  0 27  71.1
2006 358  1 27  71.1
2006 358  2 27  71.1
2006 358  3 23  71.1
2006 358  4 23  71.1
2006 358  5 23  71.1
2006 358  6 23  71.1
2006 358  7 23  71.1
2006 358  8 23  71.1
2006 358  9 20  71.1
2006 358 10 20  71.1
2006 358 11 20  71.1
2006 358 12 30  71.1
2006 358 13 30  71.1
2006 358 14 30  71.1
2006 358 15 33  71.1
2006 358 16 33  71.1
2006 358 17 33  71.1
2006 358 18 30  71.1
2006 358 19 30  71.1
2006 358 20 30  71.1
2006 358 21 20  71.1
2006 358 22 20  71.1
2006 358 23 20  71.1
2006 359  0 33  73.9
2006 359  1 33  73.9
2006 359  2 33  73.9
2006 359  3 27  73.9
2006 359  4 27  73.9
2006 359  5 27  73.9
2006 359  6 23  73.9
2006 359  7 23  73.9
2006 359  8 23  73.9
2006 359  9 13  73.9
2006 359 10 13  73.9
2006 359 11 13  73.9
2006 359 12 20  73.9
2006 359 13 20  73.9
2006 359 14 20  73.9
2006 359 15 20  73.9
2006 359 16 20  73.9
2006 359 17 20  73.9
2006 359 18  3  73.9
2006 359 19  3  73.9
2006 359 20  3  73.9
2006 359 21 13  73.9
2006 359 22 13  73.9
2006 359 23 13  73.9
2006 360  0 13  72.5
2006 360  1 13  72.5
2006 360  2 13  72.5
2006 360  3 10  72.5
2006 360  4 10  72.5
2006 360  5 10  72.5
2006 360  6 17  72.5
2006 360  7 17  72.5
2006 360  8 17  72.5
2006 360  9  7  72.5
2006 360 10  7  72.5
2006 360 11  7  72.5
2006 360 12 20  72.5
2006 360 13 20  72.5
2006 360 14 20  72.5
2006 360 15 17  72.5
2006 360 16 17  72.5
2006 360 17 17  72.5
2006 360 18 10  72.5
2006 360 19 10  72.5
2006 360 20 10  72.5
2006 360 21  0  72.5
2006 360 22  0  72.5
2006 360 23  0  72.5
2006 361  0  7  70.9
2006 361  1  7  70.9
2006 361  2  7  70.9
2006 361  3  7  70.9
2006 361  4  7  70.9
2006 361  5  7  70.9
2006 361  6  3  70.9
2006 361  7  3  70.9
2006 361  8  3  70.9
2006 361  9  3  70.9
2006 361 10  3  70.9
2006 361 11  3  70.9
2006 361 12  7  70.9
2006 361 13  7  70.9
2006 361 14  7  70.9
2006 361 15  7  70.9
2006 361 16  7  70.9
2006 361 17  7  70.9
2006 361 18  3  70.9
2006 361 19  3  70.9
2006 361 20  3  70.9
2006 361 21  3  70.9
2006 361 22  3  70.9
2006 361 23  3  70.9
2006 362  0  3  73.8
2006 362  1  3  73.8
2006 362  2  3  73.8
2006 362  3  0  73.8
2006 362  4  0  73.8
2006 362  5  0  73.8
2006 362  6  0  73.8
2006 362  7  0  73.8
2006 362  8  0  73.8
2006 362  9  3  73.8
2006 362 10  3  73.8
2006 362 11  3  73.8
2006 362 12  3  73.8
2006 362 13  3  73.8
2006 362 14  3  73.8
2006 362 15  7  73.8
2006 362 16  7  73.8
2006 362 17  7  73.8
2006 362 18 13  73.8
2006 362 19 13  73.8
2006 362 20 13  73.8
2006 362 21 13  73.8
2006 362 22 13  73.8
2006 362 23 13  73.8
2006 363  0 10  75.8
2006 363  1 10  75.8
2006 363  2 10  75.8
2006 363  3  3  75.8
2006 363  4  3  75.8
2006 363  5  3  75.8
2006 363  6  0  75.8
2006 363  7  0  75.8
2006 363  8  0  75.8
2006 363  9  3  75.8
2006 363 10  3  75.8
2006 363 11  3  75.8
2006 363 12  3  75.8
2006 363 13  3  75.8
2006 363 14  3  75.8
2006 363 15  7  75.8
2006 363 16  7  75.8
2006 363 17  7  75.8
2006 363 18 10  75.8
2006 363 19 10  75.8
2006 363 20 10  75.8
2006 363 21  7  75.8
2006 363 22  7  75.8
2006 363 23  7  75.8
2006 364  0 10  77.4
2006 364  1 10  77.4
2006 364  2 10  77.4
2006 364  3  3  77.4
2006 364  4  3  77.4
2006 364  5  3  77.4
2006 364  6  3  77.4
2006 364  7  3  77.4
2006 364  8  3  77.4
2006 364  9 10  77.4
2006 364 10 10  77.4
2006 364 11 10  77.4
2006 364 12  7  77.4
2006 364 13  7  77.4
2006 364 14  7  77.4
2006 364 15  7  77.4
2006 364 16  7  77.4
2006 364 17  7  77.4
2006 364 18 10  77.4
2006 364 19 10  77.4
2006 364 20 10  77.4
2006 364 21  3  77.4
2006 364 22  3  77.4
2006 364 23  3  77.4
2006 365  0  7  80.5
2006 365  1  7  80.5
2006 365  2  7  80.5
2006 365  3  0  80.5
2006 365  4  0  80.5
2006 365  5  0  80.5
2006 365  6  0  80.5
2006 365  7  0  80.5
2006 365  8  0  80.5
2006 365  9  3  80.5
2006 365 10  3  80.5
2006 365 11  3  80.5
2006 365 12  3  80.5
2006 365 13  3  80.5
2006 365 14  3  80.5
2006 365 15  3  80.5
2006 365 16  3  80.5
2006 365 17  3  80.5
2006 365 18  3  80.5
2006 365 19  3  80.5
2006 365 20  3  80.5
2006 365 21  7  80.5
2006 365 22  7  80.5
2006 365 23  7  80.5
2007   1  0 13  84.1
2007   1  1 13  84.1
2007   1  2 13  84.1
2007   1  3  7  84.1
2007   1  4  7  84.1
2007   1  5  7  84.1
2007   1  6 10  84.1
2007   1  7 10  84.1
2007   1  8 10  84.1
2007   1  9 27  84.1
2007   1 10 27  84.1
2007   1 11 27  84.1
2007   1 12 37  84.1
2007   1 13 37  84.1
2007   1 14 37  84.1
2007   1 15 27  84.1
2007   1 16 27  84.1
2007   1 17 27  84.1
2007   1 18 20  84.1
2007   1 19 20  84.1
2007   1 20 20  84.1
2007   1 21 23  84.1
2007   1 22 23  84.1
2007   1 23 23  84.1
2007   2  0 47  87.0
2007   2  1 47  87.0
2007   2  2 47  87.0
2007   2  3 43  87.0
2007   2  4 43  87.0
2007   2  5 43  87.0
2007   2  6 23  87.0
2007   2  7 23  87.0
2007   2  8 23  87.0
2007   2  9 40  87.0
2007   2 10 40  87.0
2007   2 11 40  87.0
2007   2 12 47  87.0
2007   2 13 47  87.0
2007   2 14 47  87.0
2007   2 15 30  87.0
2007   2 16 30  87.0
2007   2 17 30  87.0
2007   2 18 27  87.0
2007   2 19 27  87.0
2007   2 20 27  87.0
2007   2 21 33  87.0
2007   2 22 33  87.0
2007   2 23 33  87.0
2007   3  0 23  84.8
2007   3  1 23  84.8
2007   3  2 23  84.8
2007   3  3 37  84.8
2007   3  4 37  84.8
2007   3  5 37  84.8
2007   3  6 30  84.8
2007   3  7 30  84.8
2007   3  8 30  84.8
2007   3  9 37  84.8
2007   3 10 37  84.8
2007   3 11 37  84.8
2007   3 12 43  84.8
2007   3 13 43  84.8
2007   3 14 43  84.8
2007   3 15 40  84.8
2007   3 16 40  84.8
2007   3 17 40  84.8
2007   3 18 30  84.8
2007   3 19 30  84.8
2007   3 20 30  84.8
2007   3 21 37  84.8
2007   3 22 37  84.8
2007   3 23 37  84.8
2007   4  0 30  86.4
2007   4  1 30  86.4
2007   4  2 30  86.4
2007   4  3 37  86.4
2007   4  4 37  86.4
2007   4  5 37  86.4
2007   4  6 40  86.4
2007   4  7 40  86.4
2007   4  8 40  86.4
2007   4  9 33  86.4
2007   4 10 33  86.4
2007   4 11 33  86.4
2007   4 12 30  86.4
2007   4 13 30  86.4
2007   4 14 30  86.4
2007   4 15 33  86.4
2007   4 16 33  86.4
2007   4 17 33  86.4
2007   4 18 27  86.4
2007   4 19 27  86.4
2007   4 20 27  86.4
2007   4 21 27  86.4
2007   4 22 27  86.4
2007   4 23 27  86.4
2007   5  0 27  86.5
2007   5  1 27  86.5
2007   5  2 27  86.5
2007   5  3 23  86.5
2007   5  4 23  86.5
2007   5  5 23  86.5
2007   5  6 20  86.5
2007   5  7 20  86.5
2007   5  8 20  86.5
2007   5  9 23  86.5
2007   5 10 23  86.5
2007   5 11 23  86.5
2007   5 12 30  86.5
2007   5 13 30  86.5
2007   5 14 30  86.5
2007   5 15 23  86.5
2007   5 16 23  86.5
2007   5 17 23  86.5
2007   5 18 17  86.5
2007   5 19 17  86.5
2007   5 20 17  86.5
2007   5 21 17  86.5
2007   5 22 17  86.5
2007   5 23 17  86.5
2007   6  0 13  84.4
2007   6  1 13  84.4
2007   6  2 13  84.4
2007   6  3 20  84.4
2007   6  4 20  84.4
2007   6  5 20  84.4
2007   6  6  7  84.4
2007   6  7  7  84.4
2007   6  8  7  84.4
2007   6  9  3  84.4
2007   6 10  3  84.4
2007   6 11  3  84.4
2007   6 12  7  84.4
2007   6 13  7  84.4
2007   6 14  7  84.4
2007   6 15 27  84.4
2007   6 16 27  84.4
2007   6 17 27  84.4
2007   6 18 13  84.4
2007   6 19 13  84.4
2007   6 20 13  84.4
2007   6 21 13  84.4
2007   6 22 13  84.4
2007   6 23 13  84.4
2007   7  0  3  83.9
2007   7  1  3  83.9
2007   7  2  3  83.9
2007   7  3  0  83.9
2007   7  4  0  83.9
2007   7  5  0  83.9
2007   7  6  0  83.9
2007   7  7  0  83.9
2007   7  8  0  83.9
2007   7  9  3  83.9
2007   7 10  3  83.9
2007   7 11  3  83.9
2007   7 12  7  83.9
2007   7 13  7  83.9
2007   7 14  7  83.9
2007   7 15  0  83.9
2007   7 16  0  83.9
2007   7 17  0  83.9
2007   7 18  0  83.9
2007   7 19  0  83.9
2007   7 20  0  83.9
2007   7 21  3  83.9
2007   7 22  3  83.9
2007   7 23  3  83.9
2007   8  0  7  85.1
2007   8  1  7  85.1
2007   8  2  7  85.1
2007   8  3 13  85.1
2007   8  4 13  85.1
2007   8  5 13  85.1
2007   8  6  0  85.1
2007   8  7  0  85.1
2007   8  8  0  85.1
2007   8  9  3  85.1
2007   8 10  3  85.1
2007   8 11  3  85.1
2007   8 12 10  85.1
2007   8 13 10  85.1
2007   8 14 10  85.1
2007   8 15 10  85.1
2007   8 16 10  85.1
2007   8 17 10  85.1
2007   8 18 13  85.1
2007   8 19 13  85.1
2007   8 20 13  85.1
2007   8 21  3  85.1
2007   8 22  3  85.1
2007   8 23  3  85.1
2007   9  0  0  89.1
2007   9  1  0  89.1
2007   9  2  0  89.1
2007   9  3  3  89.1
2007   9  4  3  89.1
2007   9  5  3  89.1
2007   9  6 13  89.1
2007   9  7 13  89.1
2007   9  8 13  89.1
2007   9  9  7  89.1
2007   9 10  7  89.1
2007   9 11  7  89.1
2007   9 12 10  89.1
2007   9 13 10  89.1
2007   9 14 10  89.1
2007   9 15 13  89.1
2007   9 16 13  89.1
2007   9 17 13  89.1
2007   9 18 17  89.1
2007   9 19 17  89.1
2007   9 20 17  89.1
2007   9 21  7  89.1
2007   9 22  7  89.1
2007   9 23  7  89.1
2007  10  0  3  83.3
2007  10  1  3  83.3
2007  10  2  3  83.3
2007  10  3 23  83.3
2007  10  4 23  83.3
2007  10  5 23  83.3
2007  10  6 17  83.3
2007  10  7 17  83.3
2007  10  8 17  83.3
2007  10  9 20  83.3
2007  10 10 20  83.3
2007  10 11 20  83.3
2007  10 12 13  83.3
2007  10 13 13  83.3
2007  10 14 13  83.3
2007  10 15 27  83.3
2007  10 16 27  83.3
2007  10 17 27  83.3
2007  10 18 13  83.3
2007  10 19 13  83.3
2007  10 20 13  83.3
2007  10 21 10  83.3
2007  10 22 10  83.3
2007  10 23 10  83.3
2007  11  0 13  81.2
2007  11  1 13  81.2
2007  11  2 13  81.2
2007  11  3 23  81.2
2007  11  4 23  81.2
2007  11  5 23  81.2
2007  11  6 23  81.2
2007  11  7 23  81.2
2007  11  8 23  81.2
2007  11  9 13  81.2
2007  11 10 13  81.2
2007  11 11 13  81.2
2007  11 12 20  81.2
2007  11 13 20  81.2
2007  11 14 20  81.2
2007  11 15 17  81.2
2007  11 16 17  81.2
2007  11 17 17  81.2
2007  11 18 17  81.2
2007  11 19 17  81.2
2007  11 20 17  81.2
2007  11 21 10  81.2
2007  11 22 10  81.2
2007  11 23 10  81.2
2007  12  0 30  81.0
2007  12  1 30  81.0
2007  12  2 30  81.0
2007  12  3  3  81.0
2007  12  4  3  81.0
2007  12  5  3  81.0
2007  12  6  3  81.0
2007  12  7  3  81.0
2007  12  8  3  81.0
2007  12  9  3  81.0
2007  12 10  3  81.0
2007  12 11  3  81.0
2007  12 12  3  81.0
2007  12 13  3  81.0
2007  12 14  3  81.0
2007  12 15  3  81.0
2007  12 16  3  81.0
2007  12 17  3  81.0
2007  12 18  0  81.0
2007  12 19  0  81.0
2007  12 20  0  81.0
2007  12 21  0  81.0
2007  12 22  0  81.0
2007  12 23  0  81.0
2007  13  0  0  78.7
2007  13  1  0  78.7
2007  13  2  0  78.7
2007  13  3  0  78.7
2007  13  4  0  78.7
2007  13  5  0  78.7
2007  13  6  0  78.7
2007  13  7  0  78.7
2007  13  8  0  78.7
2007  13  9  0  78.7
2007  13 10  0  78.7
2007  13 11  0  78.7
2007  13 12  0  78.7
2007  13 13  0  78.7
2007  13 14  0  78.7
2007  13 15  0  78.7
2007  13 16  0  78.7
2007  13 17  0  78.7
2007  13 18  0  78.7
2007  13 19  0  78.7
2007  13 20  0  78.7
2007  13 21  0  78.7
2007  13 22  0  78.7
2007  13 23  0  78.7
2007  14  0  0  79.4
2007  14  1  0  79.4
2007  14  2  0  79.4
2007  14  3  0  79.4
2007  14  4  0  79.4
2007  14  5  0  79.4
2007  14  6  3  79.4
2007  14  7  3  79.4
2007  14  8  3  79.4
2007  14  9  3  79.4
2007  14 10  3  79.4
2007  14 11  3  79.4
2007  14 12 17  79.4
2007  14 13 17  79.4
2007  14 14 17  79.4
2007  14 15  7  79.4
2007  14 16  7  79.4
2007  14 17  7  79.4
2007  14 18 13  79.4
2007  14 19 13  79.4
2007  14 20 13  79.4
2007  14 21 20  79.4
2007  14 22 20  79.4
2007  14 23 20  79.4
2007  15  0 20  79.3
2007  15  1 20  79.3
2007  15  2 20  79.3
2007  15  3 27  79.3
2007  15  4 27  79.3
2007  15  5 27  79.3
2007  15  6 30  79.3
2007  15  7 30  79.3
2007  15  8 30  79.3
2007  15  9 30  79.3
2007  15 10 30  79.3
2007  15 11 30  79.3
2007  15 12 50  79.3
2007  15 13 50  79.3
2007  15 14 50  79.3
2007  15 15 30  79.3
2007  15 16 30  79.3
2007  15 17 30  79.3
2007  15 18 27  79.3
2007  15 19 27  79.3
2007  15 20 27  79.3
2007  15 21 10  79.3
2007  15 22 10  79.3
2007  15 23 10  79.3
2007  16  0  3  76.1
2007  16  1  3  76.1
2007  16  2  3  76.1
2007  16  3 47  76.1
2007  16  4 47  76.1
2007  16  5 47  76.1
2007  16  6 10  76.1
2007  16  7 10  76.1
2007  16  8 10  76.1
2007  16  9 13  76.1
2007  16 10 13  76.1
2007  16 11 13  76.1
2007  16 12 20  76.1
2007  16 13 20  76.1
2007  16 14 20  76.1
2007  16 15 27  76.1
2007  16 16 27  76.1
2007  16 17 27  76.1
2007  16 18 27  76.1
2007  16 19 27  76.1
2007  16 20 27  76.1
2007  16 21 40  76.1
2007  16 22 40  76.1
2007  16 23 40  76.1
2007  17  0 43  75.6
2007  17  1 43  75.6
2007  17  2 43  75.6
2007  17  3 37  75.6
2007  17  4 37  75.6
2007  17  5 37  75.6
2007  17  6 40  75.6
2007  17  7 40  75.6
2007  17  8 40  75.6
2007  17  9 33  75.6
2007  17 10 33  75.6
2007  17 11 33  75.6
2007  17 12 33  75.6
2007  17 13 33  75.6
2007  17 14 33  75.6
2007  17 15 27  75.6
2007  17 16 27  75.6
2007  17 17 27  75.6
2007  17 18 47  75.6
2007  17 19 47  75.6
2007  17 20 47  75.6
2007  17 21 43  75.6
2007  17 22 43  75.6
2007  17 23 43  75.6
2007  18  0 30  74.4
2007  18  1 30  74.4
2007  18  2 30  74.4
2007  18  3 33  74.4
2007  18  4 33  74.4
2007  18  5 33  74.4
2007  18  6 33  74.4
2007  18  7 33  74.4
2007  18  8 33  74.4
2007  18  9 33  74.4
2007  18 10 33  74.4
2007  18 11 33  74.4
2007  18 12 30  74.4
2007  18 13 30  74.4
2007  18 14 30  74.4
2007  18 15 33  74.4
2007  18 16 33  74.4
2007  18 17 33  74.4
2007  18 18 33  74.4
2007  18 19 33  74.4
2007  18 20 33  74.4
2007  18 21 40  74.4
2007  18 22 40  74.4
2007  18 23 40  74.4
2007  19  0 30  73.9
2007  19  1 30  73.9
2007  19  2 30  73.9
2007  19  3 43  73.9
2007  19  4 43  73.9
2007  19  5 43  73.9
2007  19  6 20  73.9
2007  19  7 20  73.9
2007  19  8 20  73.9
2007  19  9 20  73.9
2007  19 10 20  73.9
2007  19 11 20  73.9
2007  19 12 27  73.9
2007  19 13 27  73.9
2007  19 14 27  73.9
2007  19 15 23  73.9
2007  19 16 23  73.9
2007  19 17 23  73.9
2007  19 18 20  73.9
2007  19 19 20  73.9
2007  19 20 20  73.9
2007  19 21 30  73.9
2007  19 22 30  73.9
2007  19 23 30  73.9
2007  20  0 30  76.3
2007  20  1 30  76.3
2007  20  2 30  76.3
2007  20  3 20  76.3
2007  20  4 20  76.3
2007  20  5 20  76.3
2007  20  6 23  76.3
2007  20  7 23  76.3
2007  20  8 23  76.3
2007  20  9 23  76.3
2007  20 10 23  76.3
2007  20 11 23  76.3
2007  20 12 10  76.3
2007  20 13 10  76.3
2007  20 14 10  76.3
2007  20 15 13  76.3
2007  20 16 13  76.3
2007  20 17 13  76.3
2007  20 18 17  76.3
2007  20 19 17  76.3
2007  20 20 17  76.3
2007  20 21 23  76.3
2007  20 22 23  76.3
2007  20 23 23  76.3
2007  21  0 23  76.1
2007  21  1 23  76.1
2007  21  2 23  76.1
2007  21  3 30  76.1
2007  21  4 30  76.1
2007  21  5 30  76.1
2007  21  6 30  76.1
2007  21  7 30  76.1
2007  21  8 30  76.1
2007  21  9 20  76.1
2007  21 10 20  76.1
2007  21 11 20  76.1
2007  21 12 17  76.1
2007  21 13 17  76.1
2007  21 14 17  76.1
2007  21 15 17  76.1
2007  21 16 17  76.1
2007  21 17 17  76.1
2007  21 18 17  76.1
2007  21 19 17  76.1
2007  21 20 17  76.1
2007  21 21  3  76.1
2007  21 22  3  76.1
2007  21 23  3  76.1
2007  22  0  7  76.0
2007  22  1  7  76.0
2007  22  2  7  76.0
2007  22  3  0  76.0
2007  22  4  0  76.0
2007  22  5  0  76.0
2007  22  6 10  76.0
2007  22  7 10  76.0
2007  22  8 10  76.0
2007  22  9 10  76.0
2007  22 10 10  76.0
2007  22 11 10  76.0
2007  22 12  7  76.0
2007  22 13  7  76.0
2007  22 14  7  76.0
2007  22 15  7  76.0
2007  22 16  7  76.0
2007  22 17  7  76.0
2007  22 18 17  76.0
2007  22 19 17  76.0
2007  22 20 17  76.0
2007  22 21  0  76.0
2007  22 22  0  76.0
2007  22 23  0  76.0
2007  23  0 13  76.8
2007  23  1 13  76.8
2007  23  2 13  76.8
2007  23  3 20  76.8
2007  23  4 20  76.8
2007  23  5 20  76.8
2007  23  6  3  76.8
2007  23  7  3  76.8
2007  23  8  3  76.8
2007  23  9 10  76.8
2007  23 10 10  76.8
2007  23 11 10  76.8
2007  23 12  3  76.8
2007  23 13  3  76.8
2007  23 14  3  76.8
2007  23 15  3  76.8
2007  23 16  3  76.8
2007  23 17  3  76.8
2007  23 18  0  76.8
2007  23 19  0  76.8
2007  23 20  0  76.8
2007  23 21  0  76.8
2007  23 22  0  76.8
2007  23 23  0  76.8
2007  24  0  0  77.9
2007  24  1  0  77.9
2007  24  2  0  77.9
2007  24  3  0  77.9
2007  24  4  0  77.9
2007  24  5  0  77.9
2007  24  6  3  77.9
2007  24  7  3  77.9
2007  24  8  3  77.9
2007  24  9  7  77.9
2007  24 10  7  77.9
2007  24 11  7  77.9
2007  24 12  3  77.9
2007  24 13  3  77.9
2007  24 14  3  77.9
2007  24 15 10  77.9
2007  24 16 10  77.9
2007  24 17 10  77.9
2007  24 18 10  77.9
2007  24 19 10  77.9
2007  24 20 10  77.9
2007  24 21  7  77.9
2007  24 22  7  77.9
2007  24 23  7  77.9
2007  25  0  0  77.5
2007  25  1  0  77.5
2007  25  2  0  77.5
2007  25  3  0  77.5
2007  25  4  0  77.5
2007  25  5  0  77.5
2007  25  6  3  77.5
2007  25  7  3  77.5
2007  25  8  3  77.5
2007  25  9 10  77.5
2007  25 10 10  77.5
2007  25 11 10  77.5
2007  25 12  3  77.5
2007  25 13  3  77.5
2007  25 14  3  77.5
2007  25 15  3  77.5
2007  25 16  3  77.5
2007  25 17  3  77.5
2007  25 18  3  77.5
2007  25 19  3  77.5
2007  25 20  3  77.5
2007  25 21 17  77.5
2007  25 22 17  77.5
2007  25 23 17  77.5
2007  26  0  7  77.3
2007  26  1  7  77.3
2007  26  2  7  77.3
2007  26  3  3  77.3
2007  26  4  3  77.3
2007  26  5  3  77.3
2007  26  6 10  77.3
2007  26  7 10  77.3
2007  26  8 10  77.3
2007  26  9  7  77.3
2007  26 10  7  77.3
2007  26 11  7  77.3
2007  26 12 10  77.3
2007  26 13 10  77.3
2007  26 14 10  77.3
2007  26 15  7  77.3
2007  26 16  7  77.3
2007  26 17  7  77.3
2007  26 18  0  77.3
2007  26 19  0  77.3
2007  26 20  0  77.3
2007  26 21 10  77.3
2007  26 22 10  77.3
2007  26 23 10  77.3
2007  27  0  7  78.0
2007  27  1  7  78.0
2007  27  2  7  78.0
2007  27  3 20  78.0
2007  27  4 20  78.0
2007  27  5 20  78.0
2007  27  6  3  78.0
2007  27  7  3  78.0
2007  27  8  3  78.0
2007  27  9  7  78.0
2007  27 10  7  78.0
2007  27 11  7  78.0
2007  27 12  7  78.0
2007  27 13  7  78.0
2007  27 14  7  78.0
2007  27 15  0  78.0
2007  27 16  0  78.0
2007  27 17  0  78.0
2007  27 18  7  78.0
2007  27 19  7  78.0
2007  27 20  7  78.0
2007  27 21 20  78.0
2007  27 22 20  78.0
2007  27 23 20  78.0
2007  28  0 23  79.3
2007  28  1 23  79.3
2007  28  2 23  79.3
2007  28  3 20  79.3
2007  28  4 20  79.3
2007  28  5 20  79.3
2007  28  6  7  79.3
2007  28  7  7  79.3
2007  28  8  7  79.3
2007  28  9  7  79.3
2007  28 10  7  79.3
2007  28 11  7  79.3
2007  28 12  3  79.3
2007  28 13  3  79.3
2007  28 14  3  79.3
2007  28 15  3  79.3
2007  28 16  3  79.3
2007  28 17  3  79.3
2007  28 18 13  79.3
2007  28 19 13  79.3
2007  28 20 13  79.3
2007  28 21 17  79.3
2007  28 22 17  79.3
2007  28 23 17  79.3
2007  29  0 33  84.1
2007  29  1 33  84.1
2007  29  2 33  84.1
2007  29  3 23  84.1
2007  29  4 23  84.1
2007  29  5 23  84.1
2007  29  6 30  84.1
2007  29  7 30  84.1
2007  29  8 30  84.1
2007  29  9 20  84.1
2007  29 10 20  84.1
2007  29 11 20  84.1
2007  29 12 53  84.1
2007  29 13 53  84.1
2007  29 14 53  84.1
2007  29 15 53  84.1
2007  29 16 53  84.1
2007  29 17 53  84.1
2007  29 18 47  84.1
2007  29 19 47  84.1
2007  29 20 47  84.1
2007  29 21 40  84.1
2007  29 22 40  84.1
2007  29 23 40  84.1
2007  30  0 37  84.9
2007  30  1 37  84.9
2007  30  2 37  84.9
2007  30  3 43  84.9
2007  30  4 43  84.9
2007  30  5 43  84.9
2007  30  6 40  84.9
2007  30  7 40  84.9
2007  30  8 40  84.9
2007  30  9 33  84.9
2007  30 10 33  84.9
2007  30 11 33  84.9
2007  30 12 37  84.9
2007  30 13 37  84.9
2007  30 14 37  84.9
2007  30 15 33  84.9
2007  30 16 33  84.9
2007  30 17 33  84.9
2007  30 18 37  84.9
2007  30 19 37  84.9
2007  30 20 37  84.9
2007  30 21 40  84.9
2007  30 22 40  84.9
2007  30 23 40  84.9
2007  31  0 33  86.6
2007  31  1 33  86.6
2007  31  2 33  86.6
2007  31  3 30  86.6
2007  31  4 30  86.6
2007  31  5 30  86.6
2007  31  6 33  86.6
2007  31  7 33  86.6
2007  31  8 33  86.6
2007  31  9 33  86.6
2007  31 10 33  86.6
2007  31 11 33  86.6
2007  31 12 30  86.6
2007  31 13 30  86.6
2007  31 14 30  86.6
2007  31 15 40  86.6
2007  31 16 40  86.6
2007  31 17 40  86.6
2007  31 18 40  86.6
2007  31 19 40  86.6
2007  31 20 40  86.6
2007  31 21 33  86.6
2007  31 22 33  86.6
2007  31 23 33  86.6
