Year  DOY  Hour  Kp  F10.7
2022 151  0 33
2022 151  1 33
2022 151  2 33
2022 151  3 20
2022 151  4 20
2022 151  5 20
2022 151  6 17
2022 151  7 17
2022 151  8 17
2022 151  9 13
2022 151 10 13
2022 151 11 13
2022 151 12 20
2022 151 13 20
2022 151 14 20
2022 151 15 20
2022 151 16 20
2022 151 17 20
2022 151 18 27
2022 151 19 27
2022 151 20 27
2022 151 21 17
2022 151 22 17
2022 151 23 17
2022 152  0 20
2022 152  1 20
2022 152  2 20
2022 152  3 20
2022 152  4 20
2022 152  5 20
2022 152  6 13
2022 152  7 13
2022 152  8 13
2022 152  9 13
2022 152 10 13
2022 152 11 13
2022 152 12  7
2022 152 13  7
2022 152 14  7
2022 152 15 10
2022 152 16 10
2022 152 17 10
2022 152 18  3
2022 152 19  3
2022 152 20  3
2022 152 21 10
2022 152 22 10
2022 152 23 10
2022 153  0  3
2022 153  1  3
2022 153  2  3
2022 153  3  3
2022 153  4  3
2022 153  5  3
2022 153  6  3
2022 153  7  3
2022 153  8  3
2022 153  9 10
2022 153 10 10
2022 153 11 10
2022 153 12 13
2022 153 13 13
2022 153 14 13
2022 153 15 10
2022 153 16 10
2022 153 17 10
2022 153 18 13
2022 153 19 13
2022 153 20 13
2022 153 21 17
2022 153 22 17
2022 153 23 17
2022 154  0 10
2022 154  1 10
2022 154  2 10
2022 154  3  7
2022 154  4  7
2022 154  5  7
2022 154  6 10
2022 154  7 10
2022 154  8 10
2022 154  9  7
2022 154 10  7
2022 154 11  7
2022 154 12  7
2022 154 13  7
2022 154 14  7
2022 154 15  7
2022 154 16  7
2022 154 17  7
2022 154 18  7
2022 154 19  7
2022 154 20  7
2022 154 21 13
2022 154 22 13
2022 154 23 13
2022 155  0  3
2022 155  1  3
2022 155  2  3
2022 155  3  7
2022 155  4  7
2022 155  5  7
2022 155  6 10
2022 155  7 10
2022 155  8 10
2022 155  9  3
2022 155 10  3
2022 155 11  3
2022 155 12  3
2022 155 13  3
2022 155 14  3
2022 155 15  7
2022 155 16  7
2022 155 17  7
2022 155 18  7
2022 155 19  7
2022 155 20  7
2022 155 21  3
2022 155 22  3
2022 155 23  3
2022 156  0  3
2022 156  1  3
2022 156  2  3
2022 156  3  7
2022 156  4  7
2022 156  5  7
2022 156  6  7
2022 156  7  7
2022 156  8  7
2022 156  9 10
2022 156 10 10
2022 156 11 10
2022 156 12 10
2022 156 13 10
2022 156 14 10
2022 156 15 10
2022 156 16 10
2022 156 17 10
2022 156 18 17
2022 156 19 17
2022 156 20 17
2022 156 21  7
2022 156 22  7
2022 156 23  7
2022 157  0 17
2022 157  1 17
2022 157  2 17
2022 157  3 13
2022 157  4 13
2022 157  5 13
2022 157  6 13
2022 157  7 13
2022 157  8 13
2022 157  9 30
2022 157 10 30
2022 157 11 30
2022 157 12 23
2022 157 13 23
2022 157 14 23
2022 157 15 20
2022 157 16 20
2022 157 17 20
2022 157 18 27
2022 157 19 27
2022 157 20 27
2022 157 21 27
2022 157 22 27
2022 157 23 27
2022 158  0 20
2022 158  1 20
2022 158  2 20
2022 158  3 23
2022 158  4 23
2022 158  5 23
2022 158  6 13
2022 158  7 13
2022 158  8 13
2022 158  9 23
2022 158 10 23
2022 158 11 23
2022 158 12 10
2022 158 13 10
2022 158 14 10
2022 158 15 13
2022 158 16 13
2022 158 17 13
2022 158 18 10
2022 158 19 10
2022 158 20 10
2022 158 21 23
2022 158 22 23
2022 158 23 23
2022 159  0 20
2022 159  1 20
2022 159  2 20
2022 159  3  0
2022 159  4  0
2022 159  5  0
2022 159  6  7
2022 159  7  7
2022 159  8  7
2022 159  9 17
2022 159 10 17
2022 159 11 17
2022 159 12  3
2022 159 13  3
2022 159 14  3
2022 159 15  3
2022 159 16  3
2022 159 17  3
2022 159 18 20
2022 159 19 20
2022 159 20 20
2022 159 21 10
2022 159 22 10
2022 159 23 10
2022 160  0 13
2022 160  1 13
2022 160  2 13
2022 160  3 13
2022 160  4 13
2022 160  5 13
2022 160  6  7
2022 160  7  7
2022 160  8  7
2022 160  9 10
2022 160 10 10
2022 160 11 10
2022 160 12 13
2022 160 13 13
2022 160 14 13
2022 160 15 10
2022 160 16 10
2022 160 17 10
2022 160 18 10
2022 160 19 10
2022 160 20 10
2022 160 21 13
2022 160 22 13
2022 160 23 13
2022 161  0 20
2022 161  1 20
2022 161  2 20
2022 161  3  7
2022 161  4  7
2022 161  5  7
2022 161  6  3
2022 161  7  3
2022 161  8  3
2022 161  9 13
2022 161 10 13
2022 161 11 13
2022 161 12 17
2022 161 13 17
2022 161 14 17
2022 161 15  7
2022 161 16  7
2022 161 17  7
2022 161 18  3
2022 161 19  3
2022 161 20  3
2022 161 21  3
2022 161 22  3
2022 161 23  3
2022 162  0 20
2022 162  1 20
2022 162  2 20
2022 162  3 20
2022 162  4 20
2022 162  5 20
2022 162  6 30
2022 162  7 30
2022 162  8 30
2022 162  9 10
2022 162 10 10
2022 162 11 10
2022 162 12 13
2022 162 13 13
2022 162 14 13
2022 162 15 17
2022 162 16 17
2022 162 17 17
2022 162 18 13
2022 162 19 13
2022 162 20 13
2022 162 21 17
2022 162 22 17
2022 162 23 17
2022 163  0 13
2022 163  1 13
2022 163  2 13
2022 163  3 20
2022 163  4 20
2022 163  5 20
2022 163  6 17
2022 163  7 17
2022 163  8 17
2022 163  9 23
2022 163 10 23
2022 163 11 23
2022 163 12 27
2022 163 13 27
2022 163 14 27
2022 163 15 30
2022 163 16 30
2022 163 17 30
2022 163 18 23
2022 163 19 23
2022 163 20 23
2022 163 21 17
2022 163 22 17
2022 163 23 17
2022 164  0 37
2022 164  1 37
2022 164  2 37
2022 164  3 47
2022 164  4 47
2022 164  5 47
2022 164  6 23
2022 164  7 23
2022 164  8 23
2022 164  9 17
2022 164 10 17
2022 164 11 17
2022 164 12 20
2022 164 13 20
2022 164 14 20
2022 164 15 27
2022 164 16 27
2022 164 17 27
2022 164 18 20
2022 164 19 20
2022 164 20 20
2022 164 21 17
2022 164 22 17
2022 164 23 17
2022 165  0 17
2022 165  1 17
2022 165  2 17
2022 165  3 17
2022 165  4 17
2022 165  5 17
2022 165  6 17
2022 165  7 17
2022 165  8 17
2022 165  9 13
2022 165 10 13
2022 165 11 13
2022 165 12 17
2022 165 13 17
2022 165 14 17
2022 165 15 17
2022 165 16 17
2022 165 17 17
2022 165 18 20
2022 165 19 20
2022 165 20 20
2022 165 21 23
2022 165 22 23
2022 165 23 23
2022 166  0 17
2022 166  1 17
2022 166  2 17
2022 166  3 33
2022 166  4 33
2022 166  5 33
2022 166  6 37
2022 166  7 37
2022 166  8 37
2022 166  9 30
2022 166 10 30
2022 166 11 30
2022 166 12 43
2022 166 13 43
2022 166 14 43
2022 166 15 40
2022 166 16 40
2022 166 17 40
2022 166 18 17
2022 166 19 17
2022 166 20 17
2022 166 21 20
2022 166 22 20
2022 166 23 20
2022 167  0 13
2022 167  1 13
2022 167  2 13
2022 167  3 23
2022 167  4 23
2022 167  5 23
2022 167  6 23
2022 167  7 23
2022 167  8 23
2022 167  9 23
2022 167 10 23
2022 167 11 23
2022 167 12 30
2022 167 13 30
2022 167 14 30
2022 167 15 20
2022 167 16 20
2022 167 17 20
2022 167 18 20
2022 167 19 20
2022 167 20 20
2022 167 21 37
2022 167 22 37
2022 167 23 37
2022 168  0 30
2022 168  1 30
2022 168  2 30
2022 168  3 23
2022 168  4 23
2022 168  5 23
2022 168  6 23
2022 168  7 23
2022 168  8 23
2022 168  9 30
2022 168 10 30
2022 168 11 30
2022 168 12 30
2022 168 13 30
2022 168 14 30
2022 168 15 23
2022 168 16 23
2022 168 17 23
2022 168 18 33
2022 168 19 33
2022 168 20 33
2022 168 21 23
2022 168 22 23
2022 168 23 23
2022 169  0 33
2022 169  1 33
2022 169  2 33
2022 169  3 27
2022 169  4 27
2022 169  5 27
2022 169  6 17
2022 169  7 17
2022 169  8 17
2022 169  9 23
2022 169 10 23
2022 169 11 23
2022 169 12  7
2022 169 13  7
2022 169 14  7
2022 169 15 17
2022 169 16 17
2022 169 17 17
2022 169 18 30
2022 169 19 30
2022 169 20 30
2022 169 21 43
2022 169 22 43
2022 169 23 43
2022 170  0 33
2022 170  1 33
2022 170  2 33
2022 170  3 30
2022 170  4 30
2022 170  5 30
2022 170  6 17
2022 170  7 17
2022 170  8 17
2022 170  9 23
2022 170 10 23
2022 170 11 23
2022 170 12 23
2022 170 13 23
2022 170 14 23
2022 170 15 27
2022 170 16 27
2022 170 17 27
2022 170 18 13
2022 170 19 13
2022 170 20 13
2022 170 21  7
2022 170 22  7
2022 170 23  7
2022 171  0 13
2022 171  1 13
2022 171  2 13
2022 171  3 10
2022 171  4 10
2022 171  5 10
2022 171  6 23
2022 171  7 23
2022 171  8 23
2022 171  9 23
2022 171 10 23
2022 171 11 23
2022 171 12 33
2022 171 13 33
2022 171 14 33
2022 171 15 27
2022 171 16 27
2022 171 17 27
2022 171 18 33
2022 171 19 33
2022 171 20 33
2022 171 21 13
2022 171 22 13
2022 171 23 13
2022 172  0 17
2022 172  1 17
2022 172  2 17
2022 172  3 17
2022 172  4 17
2022 172  5 17
2022 172  6 10
2022 172  7 10
2022 172  8 10
2022 172  9 23
2022 172 10 23
2022 172 11 23
2022 172 12 17
2022 172 13 17
2022 172 14 17
2022 172 15 17
2022 172 16 17
2022 172 17 17
2022 172 18 13
2022 172 19 13
2022 172 20 13
2022 172 21 27
2022 172 22 27
2022 172 23 27
2022 173  0 20
2022 173  1 20
2022 173  2 20
2022 173  3 17
2022 173  4 17
2022 173  5 17
2022 173  6 30
2022 173  7 30
2022 173  8 30
2022 173  9 20
2022 173 10 20
2022 173 11 20
2022 173 12 23
2022 173 13 23
2022 173 14 23
2022 173 15 17
2022 173 16 17
2022 173 17 17
2022 173 18 27
2022 173 19 27
2022 173 20 27
2022 173 21 23
2022 173 22 23
2022 173 23 23
2022 174  0 27
2022 174  1 27
2022 174  2 27
2022 174  3 30
2022 174  4 30
2022 174  5 30
2022 174  6 20
2022 174  7 20
2022 174  8 20
2022 174  9 23
2022 174 10 23
2022 174 11 23
2022 174 12 13
2022 174 13 13
2022 174 14 13
2022 174 15 17
2022 174 16 17
2022 174 17 17
2022 174 18 30
2022 174 19 30
2022 174 20 30
2022 174 21 20
2022 174 22 20
2022 174 23 20
2022 175  0 23
2022 175  1 23
2022 175  2 23
2022 175  3  3
2022 175  4  3
2022 175  5  3
2022 175  6  3
2022 175  7  3
2022 175  8  3
2022 175  9  3
2022 175 10  3
2022 175 11  3
2022 175 12  7
2022 175 13  7
2022 175 14  7
2022 175 15 13
2022 175 16 13
2022 175 17 13
2022 175 18 30
2022 175 19 30
2022 175 20 30
2022 175 21 27
2022 175 22 27
2022 175 23 27
2022 176  0 23
2022 176  1 23
2022 176  2 23
2022 176  3 17
2022 176  4 17
2022 176  5 17
2022 176  6 20
2022 176  7 20
2022 176  8 20
2022 176  9 17
2022 176 10 17
2022 176 11 17
2022 176 12 20
2022 176 13 20
2022 176 14 20
2022 176 15 27
2022 176 16 27
2022 176 17 27
2022 176 18 43
2022 176 19 43
2022 176 20 43
2022 176 21 47
2022 176 22 47
2022 176 23 47
2022 177  0 47
2022 177  1 47
2022 177  2 47
2022 177  3 23
2022 177  4 23
2022 177  5 23
2022 177  6 17
2022 177  7 17
2022 177  8 17
2022 177  9 43
2022 177 10 43
2022 177 11 43
2022 177 12 40
2022 177 13 40
2022 177 14 40
2022 177 15 30
2022 177 16 30
2022 177 17 30
2022 177 18 40
2022 177 19 40
2022 177 20 40
2022 177 21 37
2022 177 22 37
2022 177 23 37
2022 178  0 40
2022 178  1 40
2022 178  2 40
2022 178  3 40
2022 178  4 40
2022 178  5 40
2022 178  6 27
2022 178  7 27
2022 178  8 27
2022 178  9  3
2022 178 10  3
2022 178 11  3
2022 178 12  7
2022 178 13  7
2022 178 14  7
2022 178 15  3
2022 178 16  3
2022 178 17  3
2022 178 18 13
2022 178 19 13
2022 178 20 13
2022 178 21 17
2022 178 22 17
2022 178 23 17
2022 179  0 13
2022 179  1 13
2022 179  2 13
2022 179  3 23
2022 179  4 23
2022 179  5 23
2022 179  6 20
2022 179  7 20
2022 179  8 20
2022 179  9 13
2022 179 10 13
2022 179 11 13
2022 179 12 13
2022 179 13 13
2022 179 14 13
2022 179 15  3
2022 179 16  3
2022 179 17  3
2022 179 18 17
2022 179 19 17
2022 179 20 17
2022 179 21 33
2022 179 22 33
2022 179 23 33
2022 180  0 17
2022 180  1 17
2022 180  2 17
2022 180  3 13
2022 180  4 13
2022 180  5 13
2022 180  6 17
2022 180  7 17
2022 180  8 17
2022 180  9 17
2022 180 10 17
2022 180 11 17
2022 180 12 17
2022 180 13 17
2022 180 14 17
2022 180 15  3
2022 180 16  3
2022 180 17  3
2022 180 18  3
2022 180 19  3
2022 180 20  3
2022 180 21  7
2022 180 22  7
2022 180 23  7
2022 181  0 10
2022 181  1 10
2022 181  2 10
2022 181  3  7
2022 181  4  7
2022 181  5  7
2022 181  6 10
2022 181  7 10
2022 181  8 10
2022 181  9  7
2022 181 10  7
2022 181 11  7
2022 181 12  7
2022 181 13  7
2022 181 14  7
2022 181 15  3
2022 181 16  3
2022 181 17  3
2022 181 18  7
2022 181 19  7
2022 181 20  7
2022 181 21  7
2022 181 22  7
2022 181 23  7
2022 182  0  7
2022 182  1  7
2022 182  2  7
2022 182  3  3
2022 182  4  3
2022 182  5  3
2022 182  6  3
2022 182  7  3
2022 182  8  3
2022 182  9  7
2022 182 10  7
2022 182 11  7
2022 182 12  7
2022 182 13  7
2022 182 14  7
2022 182 15 10
2022 182 16 10
2022 182 17 10
2022 182 18 27
2022 182 19 27
2022 182 20 27
2022 182 21 33
2022 182 22 33
2022 182 23 33
2022 183  0 40
2022 183  1 40
2022 183  2 40
2022 183  3 47
2022 183  4 47
2022 183  5 47
2022 183  6 40
2022 183  7 40
2022 183  8 40
2022 183  9 23
2022 183 10 23
2022 183 11 23
2022 183 12 20
2022 183 13 20
2022 183 14 20
2022 183 15 27
2022 183 16 27
2022 183 17 27
2022 183 18  7
2022 183 19  7
2022 183 20  7
2022 183 21 27
2022 183 22 27
2022 183 23 27
2022 184  0 23
2022 184  1 23
2022 184  2 23
2022 184  3  0
2022 184  4  0
2022 184  5  0
2022 184  6 10
2022 184  7 10
2022 184  8 10
2022 184  9 13
2022 184 10 13
2022 184 11 13
2022 184 12 20
2022 184 13 20
2022 184 14 20
2022 184 15 10
2022 184 16 10
2022 184 17 10
2022 184 18 23
2022 184 19 23
2022 184 20 23
2022 184 21 30
2022 184 22 30
2022 184 23 30
2022 185  0 27
2022 185  1 27
2022 185  2 27
2022 185  3 40
2022 185  4 40
2022 185  5 40
2022 185  6 37
2022 185  7 37
2022 185  8 37
2022 185  9 30
2022 185 10 30
2022 185 11 30
2022 185 12 30
2022 185 13 30
2022 185 14 30
2022 185 15 37
2022 185 16 37
2022 185 17 37
2022 185 18 37
2022 185 19 37
2022 185 20 37
2022 185 21 30
2022 185 22 30
2022 185 23 30
2022 186  0  3
2022 186  1  3
2022 186  2  3
2022 186  3  3
2022 186  4  3
2022 186  5  3
2022 186  6  7
2022 186  7  7
2022 186  8  7
2022 186  9  3
2022 186 10  3
2022 186 11  3
2022 186 12  3
2022 186 13  3
2022 186 14  3
2022 186 15 10
2022 186 16 10
2022 186 17 10
2022 186 18  7
2022 186 19  7
2022 186 20  7
2022 186 21  7
2022 186 22  7
2022 186 23  7
2022 187  0  7
2022 187  1  7
2022 187  2  7
2022 187  3  7
2022 187  4  7
2022 187  5  7
2022 187  6 17
2022 187  7 17
2022 187  8 17
2022 187  9 13
2022 187 10 13
2022 187 11 13
2022 187 12  7
2022 187 13  7
2022 187 14  7
2022 187 15 13
2022 187 16 13
2022 187 17 13
2022 187 18  7
2022 187 19  7
2022 187 20  7
2022 187 21  0
2022 187 22  0
2022 187 23  0
2022 188  0  0
2022 188  1  0
2022 188  2  0
2022 188  3  3
2022 188  4  3
2022 188  5  3
2022 188  6 20
2022 188  7 20
2022 188  8 20
2022 188  9 23
2022 188 10 23
2022 188 11 23
2022 188 12 53
2022 188 13 53
2022 188 14 53
2022 188 15 40
2022 188 16 40
2022 188 17 40
2022 188 18 40
2022 188 19 40
2022 188 20 40
2022 188 21 40
2022 188 22 40
2022 188 23 40
2022 189  0 50
2022 189  1 50
2022 189  2 50
2022 189  3 47
2022 189  4 47
2022 189  5 47
2022 189  6 30
2022 189  7 30
2022 189  8 30
2022 189  9 27
2022 189 10 27
2022 189 11 27
2022 189 12 30
2022 189 13 30
2022 189 14 30
2022 189 15 20
2022 189 16 20
2022 189 17 20
2022 189 18 27
2022 189 19 27
2022 189 20 27
2022 189 21 17
2022 189 22 17
2022 189 23 17
2022 190  0 10
2022 190  1 10
2022 190  2 10
2022 190  3 10
2022 190  4 10
2022 190  5 10
2022 190  6  3
2022 190  7  3
2022 190  8  3
2022 190  9  7
2022 190 10  7
2022 190 11  7
2022 190 12 27
2022 190 13 27
2022 190 14 27
2022 190 15 20
2022 190 16 20
2022 190 17 20
2022 190 18 17
2022 190 19 17
2022 190 20 17
2022 190 21 13
2022 190 22 13
2022 190 23 13
2022 191  0  3
2022 191  1  3
2022 191  2  3
2022 191  3 10
2022 191  4 10
2022 191  5 10
2022 191  6 23
2022 191  7 23
2022 191  8 23
2022 191  9 17
2022 191 10 17
2022 191 11 17
2022 191 12 23
2022 191 13 23
2022 191 14 23
2022 191 15 13
2022 191 16 13
2022 191 17 13
2022 191 18 13
2022 191 19 13
2022 191 20 13
2022 191 21  7
2022 191 22  7
2022 191 23  7
2022 192  0  7
2022 192  1  7
2022 192  2  7
2022 192  3  3
2022 192  4  3
2022 192  5  3
2022 192  6 10
2022 192  7 10
2022 192  8 10
2022 192  9 23
2022 192 10 23
2022 192 11 23
2022 192 12 20
2022 192 13 20
2022 192 14 20
2022 192 15 30
2022 192 16 30
2022 192 17 30
2022 192 18 40
2022 192 19 40
2022 192 20 40
2022 192 21 30
2022 192 22 30
2022 192 23 30
