Year  DOY  Hour  Kp  F10.7
2018 244  0  7  69.5
2018 244  1  7  69.5
2018 244  2  7  69.5
2018 244  3  7  69.5
2018 244  4  7  69.5
2018 244  5  7  69.5
2018 244  6  3  69.5
2018 244  7  3  69.5
2018 244  8  3  69.5
2018 244  9  3  69.5
2018 244 10  3  69.5
2018 244 11  3  69.5
2018 244 12 13  69.5
2018 244 13 13  69.5
2018 244 14 13  69.5
2018 244 15  7  69.5
2018 244 16  7  69.5
2018 244 17  7  69.5
2018 244 18 20  69.5
2018 244 19 20  69.5
2018 244 20 20  69.5
2018 244 21 13  69.5
2018 244 22 13  69.5
2018 244 23 13  69.5
2018 245  0 13  68.9
2018 245  1 13  68.9
2018 245  2 13  68.9
2018 245  3 20  68.9
2018 245  4 20  68.9
2018 245  5 20  68.9
2018 245  6 10  68.9
2018 245  7 10  68.9
2018 245  8 10  68.9
2018 245  9  3  68.9
2018 245 10  3  68.9
2018 245 11  3  68.9
2018 245 12  3  68.9
2018 245 13  3  68.9
2018 245 14  3  68.9
2018 245 15 13  68.9
2018 245 16 13  68.9
2018 245 17 13  68.9
2018 245 18 13  68.9
2018 245 19 13  68.9
2018 245 20 13  68.9
2018 245 21 17  68.9
2018 245 22 17  68.9
2018 245 23 17  68.9
2018 246  0 13  69.3
2018 246  1 13  69.3
2018 246  2 13  69.3
2018 246  3 13  69.3
2018 246  4 13  69.3
2018 246  5 13  69.3
2018 246  6  3  69.3
2018 246  7  3  69.3
2018 246  8  3  69.3
2018 246  9  3  69.3
2018 246 10  3  69.3
2018 246 11  3  69.3
2018 246 12 10  69.3
2018 246 13 10  69.3
2018 246 14 10  69.3
2018 246 15 10  69.3
2018 246 16 10  69.3
2018 246 17 10  69.3
2018 246 18  7  69.3
2018 246 19  7  69.3
2018 246 20  7  69.3
2018 246 21 13  69.3
2018 246 22 13  69.3
2018 246 23 13  69.3
2018 247  0 17  68.6
2018 247  1 17  68.6
2018 247  2 17  68.6
2018 247  3 27  68.6
2018 247  4 27  68.6
2018 247  5 27  68.6
2018 247  6 27  68.6
2018 247  7 27  68.6
2018 247  8 27  68.6
2018 247  9  7  68.6
2018 247 10  7  68.6
2018 247 11  7  68.6
2018 247 12 10  68.6
2018 247 13 10  68.6
2018 247 14 10  68.6
2018 247 15 17  68.6
2018 247 16 17  68.6
2018 247 17 17  68.6
2018 247 18 20  68.6
2018 247 19 20  68.6
2018 247 20 20  68.6
2018 247 21 30  68.6
2018 247 22 30  68.6
2018 247 23 30  68.6
2018 248  0 33  68.6
2018 248  1 33  68.6
2018 248  2 33  68.6
2018 248  3 30  68.6
2018 248  4 30  68.6
2018 248  5 30  68.6
2018 248  6 17  68.6
2018 248  7 17  68.6
2018 248  8 17  68.6
2018 248  9 27  68.6
2018 248 10 27  68.6
2018 248 11 27  68.6
2018 248 12 27  68.6
2018 248 13 27  68.6
2018 248 14 27  68.6
2018 248 15 17  68.6
2018 248 16 17  68.6
2018 248 17 17  68.6
2018 248 18 13  68.6
2018 248 19 13  68.6
2018 248 20 13  68.6
2018 248 21 10  68.6
2018 248 22 10  68.6
2018 248 23 10  68.6
2018 249  0 20  68.4
2018 249  1 20  68.4
2018 249  2 20  68.4
2018 249  3 13  68.4
2018 249  4 13  68.4
2018 249  5 13  68.4
2018 249  6 10  68.4
2018 249  7 10  68.4
2018 249  8 10  68.4
2018 249  9  3  68.4
2018 249 10  3  68.4
2018 249 11  3  68.4
2018 249 12  7  68.4
2018 249 13  7  68.4
2018 249 14  7  68.4
2018 249 15 10  68.4
2018 249 16 10  68.4
2018 249 17 10  68.4
2018 249 18 13  68.4
2018 249 19 13  68.4
2018 249 20 13  68.4
2018 249 21 17  68.4
2018 249 22 17  68.4
2018 249 23 17  68.4
2018 250  0 23  68.6
2018 250  1 23  68.6
2018 250  2 23  68.6
2018 250  3 20  68.6
2018 250  4 20  68.6
2018 250  5 20  68.6
2018 250  6 10  68.6
2018 250  7 10  68.6
2018 250  8 10  68.6
2018 250  9  7  68.6
2018 250 10  7  68.6
2018 250 11  7  68.6
2018 250 12 10  68.6
2018 250 13 10  68.6
2018 250 14 10  68.6
2018 250 15 10  68.6
2018 250 16 10  68.6
2018 250 17 10  68.6
2018 250 18  3  68.6
2018 250 19  3  68.6
2018 250 20  3  68.6
2018 250 21  7  68.6
2018 250 22  7  68.6
2018 250 23  7  68.6
2018 251  0  3  69.7
2018 251  1  3  69.7
2018 251  2  3  69.7
2018 251  3  0  69.7
2018 251  4  0  69.7
2018 251  5  0  69.7
2018 251  6 23  69.7
2018 251  7 23  69.7
2018 251  8 23  69.7
2018 251  9  3  69.7
2018 251 10  3  69.7
2018 251 11  3  69.7
2018 251 12  7  69.7
2018 251 13  7  69.7
2018 251 14  7  69.7
2018 251 15 10  69.7
2018 251 16 10  69.7
2018 251 17 10  69.7
2018 251 18  7  69.7
2018 251 19  7  69.7
2018 251 20  7  69.7
2018 251 21 17  69.7
2018 251 22 17  69.7
2018 251 23 17  69.7
2018 252  0 17  69.4
2018 252  1 17  69.4
2018 252  2 17  69.4
2018 252  3 13  69.4
2018 252  4 13  69.4
2018 252  5 13  69.4
2018 252  6 13  69.4
2018 252  7 13  69.4
2018 252  8 13  69.4
2018 252  9  7  69.4
2018 252 10  7  69.4
2018 252 11  7  69.4
2018 252 12 13  69.4
2018 252 13 13  69.4
2018 252 14 13  69.4
2018 252 15 17  69.4
2018 252 16 17  69.4
2018 252 17 17  69.4
2018 252 18 17  69.4
2018 252 19 17  69.4
2018 252 20 17  69.4
2018 252 21 27  69.4
2018 252 22 27  69.4
2018 252 23 27  69.4
2018 253  0  3  69.9
2018 253  1  3  69.9
2018 253  2  3  69.9
2018 253  3  3  69.9
2018 253  4  3  69.9
2018 253  5  3  69.9
2018 253  6  7  69.9
2018 253  7  7  69.9
2018 253  8  7  69.9
2018 253  9 23  69.9
2018 253 10 23  69.9
2018 253 11 23  69.9
2018 253 12 27  69.9
2018 253 13 27  69.9
2018 253 14 27  69.9
2018 253 15 50  69.9
2018 253 16 50  69.9
2018 253 17 50  69.9
2018 253 18 43  69.9
2018 253 19 43  69.9
2018 253 20 43  69.9
2018 253 21 50  69.9
2018 253 22 50  69.9
2018 253 23 50  69.9
2018 254  0 37  70.3
2018 254  1 37  70.3
2018 254  2 37  70.3
2018 254  3 50  70.3
2018 254  4 50  70.3
2018 254  5 50  70.3
2018 254  6 60  70.3
2018 254  7 60  70.3
2018 254  8 60  70.3
2018 254  9 57  70.3
2018 254 10 57  70.3
2018 254 11 57  70.3
2018 254 12 30  70.3
2018 254 13 30  70.3
2018 254 14 30  70.3
2018 254 15 30  70.3
2018 254 16 30  70.3
2018 254 17 30  70.3
2018 254 18 37  70.3
2018 254 19 37  70.3
2018 254 20 37  70.3
2018 254 21 23  70.3
2018 254 22 23  70.3
2018 254 23 23  70.3
2018 255  0 20  70.6
2018 255  1 20  70.6
2018 255  2 20  70.6
2018 255  3 20  70.6
2018 255  4 20  70.6
2018 255  5 20  70.6
2018 255  6 10  70.6
2018 255  7 10  70.6
2018 255  8 10  70.6
2018 255  9 13  70.6
2018 255 10 13  70.6
2018 255 11 13  70.6
2018 255 12 17  70.6
2018 255 13 17  70.6
2018 255 14 17  70.6
2018 255 15 27  70.6
2018 255 16 27  70.6
2018 255 17 27  70.6
2018 255 18 20  70.6
2018 255 19 20  70.6
2018 255 20 20  70.6
2018 255 21 40  70.6
2018 255 22 40  70.6
2018 255 23 40  70.6
2018 256  0 40  70.5
2018 256  1 40  70.5
2018 256  2 40  70.5
2018 256  3 40  70.5
2018 256  4 40  70.5
2018 256  5 40  70.5
2018 256  6 30  70.5
2018 256  7 30  70.5
2018 256  8 30  70.5
2018 256  9 30  70.5
2018 256 10 30  70.5
2018 256 11 30  70.5
2018 256 12 30  70.5
2018 256 13 30  70.5
2018 256 14 30  70.5
2018 256 15 33  70.5
2018 256 16 33  70.5
2018 256 17 33  70.5
2018 256 18 17  70.5
2018 256 19 17  70.5
2018 256 20 17  70.5
2018 256 21 30  70.5
2018 256 22 30  70.5
2018 256 23 30  70.5
2018 257  0 43  69.8
2018 257  1 43  69.8
2018 257  2 43  69.8
2018 257  3 40  69.8
2018 257  4 40  69.8
2018 257  5 40  69.8
2018 257  6 23  69.8
2018 257  7 23  69.8
2018 257  8 23  69.8
2018 257  9 20  69.8
2018 257 10 20  69.8
2018 257 11 20  69.8
2018 257 12 20  69.8
2018 257 13 20  69.8
2018 257 14 20  69.8
2018 257 15 17  69.8
2018 257 16 17  69.8
2018 257 17 17  69.8
2018 257 18 27  69.8
2018 257 19 27  69.8
2018 257 20 27  69.8
2018 257 21 30  69.8
2018 257 22 30  69.8
2018 257 23 30  69.8
2018 258  0 27  69.2
2018 258  1 27  69.2
2018 258  2 27  69.2
2018 258  3 20  69.2
2018 258  4 20  69.2
2018 258  5 20  69.2
2018 258  6 20  69.2
2018 258  7 20  69.2
2018 258  8 20  69.2
2018 258  9 17  69.2
2018 258 10 17  69.2
2018 258 11 17  69.2
2018 258 12 20  69.2
2018 258 13 20  69.2
2018 258 14 20  69.2
2018 258 15 10  69.2
2018 258 16 10  69.2
2018 258 17 10  69.2
2018 258 18  7  69.2
2018 258 19  7  69.2
2018 258 20  7  69.2
2018 258 21 23  69.2
2018 258 22 23  69.2
2018 258 23 23  69.2
2018 259  0 17  69.8
2018 259  1 17  69.8
2018 259  2 17  69.8
2018 259  3 23  69.8
2018 259  4 23  69.8
2018 259  5 23  69.8
2018 259  6 13  69.8
2018 259  7 13  69.8
2018 259  8 13  69.8
2018 259  9 13  69.8
2018 259 10 13  69.8
2018 259 11 13  69.8
2018 259 12  7  69.8
2018 259 13  7  69.8
2018 259 14  7  69.8
2018 259 15  3  69.8
2018 259 16  3  69.8
2018 259 17  3  69.8
2018 259 18 10  69.8
2018 259 19 10  69.8
2018 259 20 10  69.8
2018 259 21 17  69.8
2018 259 22 17  69.8
2018 259 23 17  69.8
2018 260  0 33  68.5
2018 260  1 33  68.5
2018 260  2 33  68.5
2018 260  3 27  68.5
2018 260  4 27  68.5
2018 260  5 27  68.5
2018 260  6 20  68.5
2018 260  7 20  68.5
2018 260  8 20  68.5
2018 260  9 17  68.5
2018 260 10 17  68.5
2018 260 11 17  68.5
2018 260 12 20  68.5
2018 260 13 20  68.5
2018 260 14 20  68.5
2018 260 15 27  68.5
2018 260 16 27  68.5
2018 260 17 27  68.5
2018 260 18 27  68.5
2018 260 19 27  68.5
2018 260 20 27  68.5
2018 260 21 27  68.5
2018 260 22 27  68.5
2018 260 23 27  68.5
2018 261  0 23  68.8
2018 261  1 23  68.8
2018 261  2 23  68.8
2018 261  3 20  68.8
2018 261  4 20  68.8
2018 261  5 20  68.8
2018 261  6 20  68.8
2018 261  7 20  68.8
2018 261  8 20  68.8
2018 261  9 20  68.8
2018 261 10 20  68.8
2018 261 11 20  68.8
2018 261 12  7  68.8
2018 261 13  7  68.8
2018 261 14  7  68.8
2018 261 15  7  68.8
2018 261 16  7  68.8
2018 261 17  7  68.8
2018 261 18  7  68.8
2018 261 19  7  68.8
2018 261 20  7  68.8
2018 261 21 10  68.8
2018 261 22 10  68.8
2018 261 23 10  68.8
2018 262  0 10  68.5
2018 262  1 10  68.5
2018 262  2 10  68.5
2018 262  3 23  68.5
2018 262  4 23  68.5
2018 262  5 23  68.5
2018 262  6 13  68.5
2018 262  7 13  68.5
2018 262  8 13  68.5
2018 262  9  3  68.5
2018 262 10  3  68.5
2018 262 11  3  68.5
2018 262 12  3  68.5
2018 262 13  3  68.5
2018 262 14  3  68.5
2018 262 15  7  68.5
2018 262 16  7  68.5
2018 262 17  7  68.5
2018 262 18  0  68.5
2018 262 19  0  68.5
2018 262 20  0  68.5
2018 262 21  0  68.5
2018 262 22  0  68.5
2018 262 23  0  68.5
2018 263  0  3  67.2
2018 263  1  3  67.2
2018 263  2  3  67.2
2018 263  3  0  67.2
2018 263  4  0  67.2
2018 263  5  0  67.2
2018 263  6  7  67.2
2018 263  7  7  67.2
2018 263  8  7  67.2
2018 263  9  3  67.2
2018 263 10  3  67.2
2018 263 11  3  67.2
2018 263 12  3  67.2
2018 263 13  3  67.2
2018 263 14  3  67.2
2018 263 15  0  67.2
2018 263 16  0  67.2
2018 263 17  0  67.2
2018 263 18  0  67.2
2018 263 19  0  67.2
2018 263 20  0  67.2
2018 263 21  0  67.2
2018 263 22  0  67.2
2018 263 23  0  67.2
2018 264  0  0  67.4
2018 264  1  0  67.4
2018 264  2  0  67.4
2018 264  3  7  67.4
2018 264  4  7  67.4
2018 264  5  7  67.4
2018 264  6  3  67.4
2018 264  7  3  67.4
2018 264  8  3  67.4
2018 264  9  7  67.4
2018 264 10  7  67.4
2018 264 11  7  67.4
2018 264 12  7  67.4
2018 264 13  7  67.4
2018 264 14  7  67.4
2018 264 15 13  67.4
2018 264 16 13  67.4
2018 264 17 13  67.4
2018 264 18 13  67.4
2018 264 19 13  67.4
2018 264 20 13  67.4
2018 264 21 43  67.4
2018 264 22 43  67.4
2018 264 23 43  67.4
2018 265  0 47  68.4
2018 265  1 47  68.4
2018 265  2 47  68.4
2018 265  3 43  68.4
2018 265  4 43  68.4
2018 265  5 43  68.4
2018 265  6 37  68.4
2018 265  7 37  68.4
2018 265  8 37  68.4
2018 265  9 40  68.4
2018 265 10 40  68.4
2018 265 11 40  68.4
2018 265 12 43  68.4
2018 265 13 43  68.4
2018 265 14 43  68.4
2018 265 15 27  68.4
2018 265 16 27  68.4
2018 265 17 27  68.4
2018 265 18 40  68.4
2018 265 19 40  68.4
2018 265 20 40  68.4
2018 265 21 37  68.4
2018 265 22 37  68.4
2018 265 23 37  68.4
2018 266  0 33  68.9
2018 266  1 33  68.9
2018 266  2 33  68.9
2018 266  3 27  68.9
2018 266  4 27  68.9
2018 266  5 27  68.9
2018 266  6 17  68.9
2018 266  7 17  68.9
2018 266  8 17  68.9
2018 266  9 23  68.9
2018 266 10 23  68.9
2018 266 11 23  68.9
2018 266 12 23  68.9
2018 266 13 23  68.9
2018 266 14 23  68.9
2018 266 15 20  68.9
2018 266 16 20  68.9
2018 266 17 20  68.9
2018 266 18 20  68.9
2018 266 19 20  68.9
2018 266 20 20  68.9
2018 266 21 23  68.9
2018 266 22 23  68.9
2018 266 23 23  68.9
2018 267  0 23  69.0
2018 267  1 23  69.0
2018 267  2 23  69.0
2018 267  3 20  69.0
2018 267  4 20  69.0
2018 267  5 20  69.0
2018 267  6 13  69.0
2018 267  7 13  69.0
2018 267  8 13  69.0
2018 267  9 20  69.0
2018 267 10 20  69.0
2018 267 11 20  69.0
2018 267 12 10  69.0
2018 267 13 10  69.0
2018 267 14 10  69.0
2018 267 15  7  69.0
2018 267 16  7  69.0
2018 267 17  7  69.0
2018 267 18 17  69.0
2018 267 19 17  69.0
2018 267 20 17  69.0
2018 267 21 17  69.0
2018 267 22 17  69.0
2018 267 23 17  69.0
2018 268  0 20  68.0
2018 268  1 20  68.0
2018 268  2 20  68.0
2018 268  3 27  68.0
2018 268  4 27  68.0
2018 268  5 27  68.0
2018 268  6 10  68.0
2018 268  7 10  68.0
2018 268  8 10  68.0
2018 268  9 23  68.0
2018 268 10 23  68.0
2018 268 11 23  68.0
2018 268 12 30  68.0
2018 268 13 30  68.0
2018 268 14 30  68.0
2018 268 15 20  68.0
2018 268 16 20  68.0
2018 268 17 20  68.0
2018 268 18 27  68.0
2018 268 19 27  68.0
2018 268 20 27  68.0
2018 268 21 27  68.0
2018 268 22 27  68.0
2018 268 23 27  68.0
2018 269  0 10  69.3
2018 269  1 10  69.3
2018 269  2 10  69.3
2018 269  3 17  69.3
2018 269  4 17  69.3
2018 269  5 17  69.3
2018 269  6 20  69.3
2018 269  7 20  69.3
2018 269  8 20  69.3
2018 269  9 10  69.3
2018 269 10 10  69.3
2018 269 11 10  69.3
2018 269 12 17  69.3
2018 269 13 17  69.3
2018 269 14 17  69.3
2018 269 15 27  69.3
2018 269 16 27  69.3
2018 269 17 27  69.3
2018 269 18 13  69.3
2018 269 19 13  69.3
2018 269 20 13  69.3
2018 269 21 23  69.3
2018 269 22 23  69.3
2018 269 23 23  69.3
2018 270  0 13  67.4
2018 270  1 13  67.4
2018 270  2 13  67.4
2018 270  3 20  67.4
2018 270  4 20  67.4
2018 270  5 20  67.4
2018 270  6 17  67.4
2018 270  7 17  67.4
2018 270  8 17  67.4
2018 270  9 17  67.4
2018 270 10 17  67.4
2018 270 11 17  67.4
2018 270 12 17  67.4
2018 270 13 17  67.4
2018 270 14 17  67.4
2018 270 15  7  67.4
2018 270 16  7  67.4
2018 270 17  7  67.4
2018 270 18  3  67.4
2018 270 19  3  67.4
2018 270 20  3  67.4
2018 270 21 23  67.4
2018 270 22 23  67.4
2018 270 23 23  67.4
2018 271  0 30  69.4
2018 271  1 30  69.4
2018 271  2 30  69.4
2018 271  3 30  69.4
2018 271  4 30  69.4
2018 271  5 30  69.4
2018 271  6 27  69.4
2018 271  7 27  69.4
2018 271  8 27  69.4
2018 271  9  7  69.4
2018 271 10  7  69.4
2018 271 11  7  69.4
2018 271 12  3  69.4
2018 271 13  3  69.4
2018 271 14  3  69.4
2018 271 15  3  69.4
2018 271 16  3  69.4
2018 271 17  3  69.4
2018 271 18  7  69.4
2018 271 19  7  69.4
2018 271 20  7  69.4
2018 271 21 17  69.4
2018 271 22 17  69.4
2018 271 23 17  69.4
2018 272  0 23  68.9
2018 272  1 23  68.9
2018 272  2 23  68.9
2018 272  3 27  68.9
2018 272  4 27  68.9
2018 272  5 27  68.9
2018 272  6 20  68.9
2018 272  7 20  68.9
2018 272  8 20  68.9
2018 272  9 20  68.9
2018 272 10 20  68.9
2018 272 11 20  68.9
2018 272 12 20  68.9
2018 272 13 20  68.9
2018 272 14 20  68.9
2018 272 15 20  68.9
2018 272 16 20  68.9
2018 272 17 20  68.9
2018 272 18 10  68.9
2018 272 19 10  68.9
2018 272 20 10  68.9
2018 272 21 33  68.9
2018 272 22 33  68.9
2018 272 23 33  68.9
2018 273  0 13  68.5
2018 273  1 13  68.5
2018 273  2 13  68.5
2018 273  3 23  68.5
2018 273  4 23  68.5
2018 273  5 23  68.5
2018 273  6  3  68.5
2018 273  7  3  68.5
2018 273  8  3  68.5
2018 273  9 10  68.5
2018 273 10 10  68.5
2018 273 11 10  68.5
2018 273 12  7  68.5
2018 273 13  7  68.5
2018 273 14  7  68.5
2018 273 15  3  68.5
2018 273 16  3  68.5
2018 273 17  3  68.5
2018 273 18 17  68.5
2018 273 19 17  68.5
2018 273 20 17  68.5
2018 273 21 17  68.5
2018 273 22 17  68.5
2018 273 23 17  68.5
2018 274  0  0  70.3
2018 274  1  0  70.3
2018 274  2  0  70.3
2018 274  3 13  70.3
2018 274  4 13  70.3
2018 274  5 13  70.3
2018 274  6 10  70.3
2018 274  7 10  70.3
2018 274  8 10  70.3
2018 274  9 13  70.3
2018 274 10 13  70.3
2018 274 11 13  70.3
2018 274 12 37  70.3
2018 274 13 37  70.3
2018 274 14 37  70.3
2018 274 15 27  70.3
2018 274 16 27  70.3
2018 274 17 27  70.3
2018 274 18 23  70.3
2018 274 19 23  70.3
2018 274 20 23  70.3
2018 274 21 23  70.3
2018 274 22 23  70.3
2018 274 23 23  70.3
2018 275  0 37  67.1
2018 275  1 37  67.1
2018 275  2 37  67.1
2018 275  3 27  67.1
2018 275  4 27  67.1
2018 275  5 27  67.1
2018 275  6 20  67.1
2018 275  7 20  67.1
2018 275  8 20  67.1
2018 275  9  3  67.1
2018 275 10  3  67.1
2018 275 11  3  67.1
2018 275 12 13  67.1
2018 275 13 13  67.1
2018 275 14 13  67.1
2018 275 15  7  67.1
2018 275 16  7  67.1
2018 275 17  7  67.1
2018 275 18 17  67.1
2018 275 19 17  67.1
2018 275 20 17  67.1
2018 275 21  3  67.1
2018 275 22  3  67.1
2018 275 23  3  67.1
2018 276  0  3  68.4
2018 276  1  3  68.4
2018 276  2  3  68.4
2018 276  3  7  68.4
2018 276  4  7  68.4
2018 276  5  7  68.4
2018 276  6  7  68.4
2018 276  7  7  68.4
2018 276  8  7  68.4
2018 276  9 17  68.4
2018 276 10 17  68.4
2018 276 11 17  68.4
2018 276 12  7  68.4
2018 276 13  7  68.4
2018 276 14  7  68.4
2018 276 15 10  68.4
2018 276 16 10  68.4
2018 276 17 10  68.4
2018 276 18 17  68.4
2018 276 19 17  68.4
2018 276 20 17  68.4
2018 276 21 23  68.4
2018 276 22 23  68.4
2018 276 23 23  68.4
2018 277  0 13  67.2
2018 277  1 13  67.2
2018 277  2 13  67.2
2018 277  3  3  67.2
2018 277  4  3  67.2
2018 277  5  3  67.2
2018 277  6  3  67.2
2018 277  7  3  67.2
2018 277  8  3  67.2
2018 277  9  3  67.2
2018 277 10  3  67.2
2018 277 11  3  67.2
2018 277 12 10  67.2
2018 277 13 10  67.2
2018 277 14 10  67.2
2018 277 15 17  67.2
2018 277 16 17  67.2
2018 277 17 17  67.2
2018 277 18 13  67.2
2018 277 19 13  67.2
2018 277 20 13  67.2
2018 277 21 10  67.2
2018 277 22 10  67.2
2018 277 23 10  67.2
2018 278  0 30  68.7
2018 278  1 30  68.7
2018 278  2 30  68.7
2018 278  3 27  68.7
2018 278  4 27  68.7
2018 278  5 27  68.7
2018 278  6 17  68.7
2018 278  7 17  68.7
2018 278  8 17  68.7
2018 278  9 20  68.7
2018 278 10 20  68.7
2018 278 11 20  68.7
2018 278 12 27  68.7
2018 278 13 27  68.7
2018 278 14 27  68.7
2018 278 15  7  68.7
2018 278 16  7  68.7
2018 278 17  7  68.7
2018 278 18 10  68.7
2018 278 19 10  68.7
2018 278 20 10  68.7
2018 278 21 23  68.7
2018 278 22 23  68.7
2018 278 23 23  68.7
2018 279  0 30  68.6
2018 279  1 30  68.6
2018 279  2 30  68.6
2018 279  3 10  68.6
2018 279  4 10  68.6
2018 279  5 10  68.6
2018 279  6 10  68.6
2018 279  7 10  68.6
2018 279  8 10  68.6
2018 279  9 10  68.6
2018 279 10 10  68.6
2018 279 11 10  68.6
2018 279 12  7  68.6
2018 279 13  7  68.6
2018 279 14  7  68.6
2018 279 15  3  68.6
2018 279 16  3  68.6
2018 279 17  3  68.6
2018 279 18  0  68.6
2018 279 19  0  68.6
2018 279 20  0  68.6
2018 279 21  0  68.6
2018 279 22  0  68.6
2018 279 23  0  68.6
2018 280  0  3  69.4
2018 280  1  3  69.4
2018 280  2  3  69.4
2018 280  3  7  69.4
2018 280  4  7  69.4
2018 280  5  7  69.4
2018 280  6 10  69.4
2018 280  7 10  69.4
2018 280  8 10  69.4
2018 280  9 23  69.4
2018 280 10 23  69.4
2018 280 11 23  69.4
2018 280 12 37  69.4
2018 280 13 37  69.4
2018 280 14 37  69.4
2018 280 15 53  69.4
2018 280 16 53  69.4
2018 280 17 53  69.4
2018 280 18 53  69.4
2018 280 19 53  69.4
2018 280 20 53  69.4
2018 280 21 47  69.4
2018 280 22 47  69.4
2018 280 23 47  69.4
2018 281  0 40  68.7
2018 281  1 40  68.7
2018 281  2 40  68.7
2018 281  3 43  68.7
2018 281  4 43  68.7
2018 281  5 43  68.7
2018 281  6 37  68.7
2018 281  7 37  68.7
2018 281  8 37  68.7
2018 281  9 20  68.7
2018 281 10 20  68.7
2018 281 11 20  68.7
2018 281 12 43  68.7
2018 281 13 43  68.7
2018 281 14 43  68.7
2018 281 15 37  68.7
2018 281 16 37  68.7
2018 281 17 37  68.7
2018 281 18 20  68.7
2018 281 19 20  68.7
2018 281 20 20  68.7
2018 281 21 17  68.7
2018 281 22 17  68.7
2018 281 23 17  68.7
2018 282  0 30  69.3
2018 282  1 30  69.3
2018 282  2 30  69.3
2018 282  3 27  69.3
2018 282  4 27  69.3
2018 282  5 27  69.3
2018 282  6 30  69.3
2018 282  7 30  69.3
2018 282  8 30  69.3
2018 282  9 37  69.3
2018 282 10 37  69.3
2018 282 11 37  69.3
2018 282 12 30  69.3
2018 282 13 30  69.3
2018 282 14 30  69.3
2018 282 15 37  69.3
2018 282 16 37  69.3
2018 282 17 37  69.3
2018 282 18 27  69.3
2018 282 19 27  69.3
2018 282 20 27  69.3
2018 282 21 30  69.3
2018 282 22 30  69.3
2018 282 23 30  69.3
2018 283  0 33  69.6
2018 283  1 33  69.6
2018 283  2 33  69.6
2018 283  3 10  69.6
2018 283  4 10  69.6
2018 283  5 10  69.6
2018 283  6 17  69.6
2018 283  7 17  69.6
2018 283  8 17  69.6
2018 283  9 20  69.6
2018 283 10 20  69.6
2018 283 11 20  69.6
2018 283 12 33  69.6
2018 283 13 33  69.6
2018 283 14 33  69.6
2018 283 15 30  69.6
2018 283 16 30  69.6
2018 283 17 30  69.6
2018 283 18 47  69.6
2018 283 19 47  69.6
2018 283 20 47  69.6
2018 283 21 27  69.6
2018 283 22 27  69.6
2018 283 23 27  69.6
2018 284  0 30  70.6
2018 284  1 30  70.6
2018 284  2 30  70.6
2018 284  3 27  70.6
2018 284  4 27  70.6
2018 284  5 27  70.6
2018 284  6 20  70.6
2018 284  7 20  70.6
2018 284  8 20  70.6
2018 284  9 17  70.6
2018 284 10 17  70.6
2018 284 11 17  70.6
2018 284 12 20  70.6
2018 284 13 20  70.6
2018 284 14 20  70.6
2018 284 15 27  70.6
2018 284 16 27  70.6
2018 284 17 27  70.6
2018 284 18 20  70.6
2018 284 19 20  70.6
2018 284 20 20  70.6
2018 284 21 13  70.6
2018 284 22 13  70.6
2018 284 23 13  70.6
2018 285  0 13  71.3
2018 285  1 13  71.3
2018 285  2 13  71.3
2018 285  3 17  71.3
2018 285  4 17  71.3
2018 285  5 17  71.3
2018 285  6 10  71.3
2018 285  7 10  71.3
2018 285  8 10  71.3
2018 285  9 13  71.3
2018 285 10 13  71.3
2018 285 11 13  71.3
2018 285 12  7  71.3
2018 285 13  7  71.3
2018 285 14  7  71.3
2018 285 15 13  71.3
2018 285 16 13  71.3
2018 285 17 13  71.3
2018 285 18 13  71.3
2018 285 19 13  71.3
2018 285 20 13  71.3
2018 285 21 17  71.3
2018 285 22 17  71.3
2018 285 23 17  71.3
2018 286  0 10  72.1
2018 286  1 10  72.1
2018 286  2 10  72.1
2018 286  3 23  72.1
2018 286  4 23  72.1
2018 286  5 23  72.1
2018 286  6 13  72.1
2018 286  7 13  72.1
2018 286  8 13  72.1
2018 286  9  3  72.1
2018 286 10  3  72.1
2018 286 11  3  72.1
2018 286 12 17  72.1
2018 286 13 17  72.1
2018 286 14 17  72.1
2018 286 15 43  72.1
2018 286 16 43  72.1
2018 286 17 43  72.1
2018 286 18 40  72.1
2018 286 19 40  72.1
2018 286 20 40  72.1
2018 286 21 33  72.1
2018 286 22 33  72.1
2018 286 23 33  72.1
2018 287  0 20  71.1
2018 287  1 20  71.1
2018 287  2 20  71.1
2018 287  3 13  71.1
2018 287  4 13  71.1
2018 287  5 13  71.1
2018 287  6  7  71.1
2018 287  7  7  71.1
2018 287  8  7  71.1
2018 287  9 17  71.1
2018 287 10 17  71.1
2018 287 11 17  71.1
2018 287 12 13  71.1
2018 287 13 13  71.1
2018 287 14 13  71.1
2018 287 15 13  71.1
2018 287 16 13  71.1
2018 287 17 13  71.1
2018 287 18 10  71.1
2018 287 19 10  71.1
2018 287 20 10  71.1
2018 287 21 17  71.1
2018 287 22 17  71.1
2018 287 23 17  71.1
2018 288  0 30  69.6
2018 288  1 30  69.6
2018 288  2 30  69.6
2018 288  3 17  69.6
2018 288  4 17  69.6
2018 288  5 17  69.6
2018 288  6 17  69.6
2018 288  7 17  69.6
2018 288  8 17  69.6
2018 288  9 17  69.6
2018 288 10 17  69.6
2018 288 11 17  69.6
2018 288 12 23  69.6
2018 288 13 23  69.6
2018 288 14 23  69.6
2018 288 15 27  69.6
2018 288 16 27  69.6
2018 288 17 27  69.6
2018 288 18 27  69.6
2018 288 19 27  69.6
2018 288 20 27  69.6
2018 288 21 27  69.6
2018 288 22 27  69.6
2018 288 23 27  69.6
2018 289  0 20  69.3
2018 289  1 20  69.3
2018 289  2 20  69.3
2018 289  3  7  69.3
2018 289  4  7  69.3
2018 289  5  7  69.3
2018 289  6 10  69.3
2018 289  7 10  69.3
2018 289  8 10  69.3
2018 289  9 13  69.3
2018 289 10 13  69.3
2018 289 11 13  69.3
2018 289 12 17  69.3
2018 289 13 17  69.3
2018 289 14 17  69.3
2018 289 15 17  69.3
2018 289 16 17  69.3
2018 289 17 17  69.3
2018 289 18  7  69.3
2018 289 19  7  69.3
2018 289 20  7  69.3
2018 289 21  7  69.3
2018 289 22  7  69.3
2018 289 23  7  69.3
2018 290  0  0  69.6
2018 290  1  0  69.6
2018 290  2  0  69.6
2018 290  3 10  69.6
2018 290  4 10  69.6
2018 290  5 10  69.6
2018 290  6 17  69.6
2018 290  7 17  69.6
2018 290  8 17  69.6
2018 290  9  3  69.6
2018 290 10  3  69.6
2018 290 11  3  69.6
2018 290 12  3  69.6
2018 290 13  3  69.6
2018 290 14  3  69.6
2018 290 15  7  69.6
2018 290 16  7  69.6
2018 290 17  7  69.6
2018 290 18  0  69.6
2018 290 19  0  69.6
2018 290 20  0  69.6
2018 290 21  0  69.6
2018 290 22  0  69.6
2018 290 23  0  69.6
2018 291  0  3  69.0
2018 291  1  3  69.0
2018 291  2  3  69.0
2018 291  3  0  69.0
2018 291  4  0  69.0
2018 291  5  0  69.0
2018 291  6  3  69.0
2018 291  7  3  69.0
2018 291  8  3  69.0
2018 291  9  0  69.0
2018 291 10  0  69.0
2018 291 11  0  69.0
2018 291 12  0  69.0
2018 291 13  0  69.0
2018 291 14  0  69.0
2018 291 15  0  69.0
2018 291 16  0  69.0
2018 291 17  0  69.0
2018 291 18  0  69.0
2018 291 19  0  69.0
2018 291 20  0  69.0
2018 291 21  0  69.0
2018 291 22  0  69.0
2018 291 23  0  69.0
2018 292  0  0  69.0
2018 292  1  0  69.0
2018 292  2  0  69.0
2018 292  3  3  69.0
2018 292  4  3  69.0
2018 292  5  3  69.0
2018 292  6  3  69.0
2018 292  7  3  69.0
2018 292  8  3  69.0
2018 292  9  3  69.0
2018 292 10  3  69.0
2018 292 11  3  69.0
2018 292 12  3  69.0
2018 292 13  3  69.0
2018 292 14  3  69.0
2018 292 15  0  69.0
2018 292 16  0  69.0
2018 292 17  0  69.0
2018 292 18  7  69.0
2018 292 19  7  69.0
2018 292 20  7  69.0
2018 292 21  3  69.0
2018 292 22  3  69.0
2018 292 23  3  69.0
2018 293  0  0  69.8
2018 293  1  0  69.8
2018 293  2  0  69.8
2018 293  3  0  69.8
2018 293  4  0  69.8
2018 293  5  0  69.8
2018 293  6  0  69.8
2018 293  7  0  69.8
2018 293  8  0  69.8
2018 293  9  0  69.8
2018 293 10  0  69.8
2018 293 11  0  69.8
2018 293 12  3  69.8
2018 293 13  3  69.8
2018 293 14  3  69.8
2018 293 15  0  69.8
2018 293 16  0  69.8
2018 293 17  0  69.8
2018 293 18  3  69.8
2018 293 19  3  69.8
2018 293 20  3  69.8
2018 293 21  3  69.8
2018 293 22  3  69.8
2018 293 23  3  69.8
2018 294  0  3  70.4
2018 294  1  3  70.4
2018 294  2  3  70.4
2018 294  3  0  70.4
2018 294  4  0  70.4
2018 294  5  0  70.4
2018 294  6  0  70.4
2018 294  7  0  70.4
2018 294  8  0  70.4
2018 294  9 20  70.4
2018 294 10 20  70.4
2018 294 11 20  70.4
2018 294 12 20  70.4
2018 294 13 20  70.4
2018 294 14 20  70.4
2018 294 15 17  70.4
2018 294 16 17  70.4
2018 294 17 17  70.4
2018 294 18 13  70.4
2018 294 19 13  70.4
2018 294 20 13  70.4
2018 294 21 10  70.4
2018 294 22 10  70.4
2018 294 23 10  70.4
2018 295  0 27  70.2
2018 295  1 27  70.2
2018 295  2 27  70.2
2018 295  3 17  70.2
2018 295  4 17  70.2
2018 295  5 17  70.2
2018 295  6 17  70.2
2018 295  7 17  70.2
2018 295  8 17  70.2
2018 295  9  7  70.2
2018 295 10  7  70.2
2018 295 11  7  70.2
2018 295 12 10  70.2
2018 295 13 10  70.2
2018 295 14 10  70.2
2018 295 15  7  70.2
2018 295 16  7  70.2
2018 295 17  7  70.2
2018 295 18 10  70.2
2018 295 19 10  70.2
2018 295 20 10  70.2
2018 295 21 10  70.2
2018 295 22 10  70.2
2018 295 23 10  70.2
2018 296  0 10  70.9
2018 296  1 10  70.9
2018 296  2 10  70.9
2018 296  3 10  70.9
2018 296  4 10  70.9
2018 296  5 10  70.9
2018 296  6  3  70.9
2018 296  7  3  70.9
2018 296  8  3  70.9
2018 296  9 10  70.9
2018 296 10 10  70.9
2018 296 11 10  70.9
2018 296 12  7  70.9
2018 296 13  7  70.9
2018 296 14  7  70.9
2018 296 15  3  70.9
2018 296 16  3  70.9
2018 296 17  3  70.9
2018 296 18  0  70.9
2018 296 19  0  70.9
2018 296 20  0  70.9
2018 296 21  3  70.9
2018 296 22  3  70.9
2018 296 23  3  70.9
2018 297  0  3  68.9
2018 297  1  3  68.9
2018 297  2  3  68.9
2018 297  3  3  68.9
2018 297  4  3  68.9
2018 297  5  3  68.9
2018 297  6 10  68.9
2018 297  7 10  68.9
2018 297  8 10  68.9
2018 297  9 13  68.9
2018 297 10 13  68.9
2018 297 11 13  68.9
2018 297 12  3  68.9
2018 297 13  3  68.9
2018 297 14  3  68.9
2018 297 15  3  68.9
2018 297 16  3  68.9
2018 297 17  3  68.9
2018 297 18 10  68.9
2018 297 19 10  68.9
2018 297 20 10  68.9
2018 297 21 10  68.9
2018 297 22 10  68.9
2018 297 23 10  68.9
2018 298  0  3  68.6
2018 298  1  3  68.6
2018 298  2  3  68.6
2018 298  3 20  68.6
2018 298  4 20  68.6
2018 298  5 20  68.6
2018 298  6  3  68.6
2018 298  7  3  68.6
2018 298  8  3  68.6
2018 298  9 17  68.6
2018 298 10 17  68.6
2018 298 11 17  68.6
2018 298 12 13  68.6
2018 298 13 13  68.6
2018 298 14 13  68.6
2018 298 15 20  68.6
2018 298 16 20  68.6
2018 298 17 20  68.6
2018 298 18 20  68.6
2018 298 19 20  68.6
2018 298 20 20  68.6
2018 298 21 17  68.6
2018 298 22 17  68.6
2018 298 23 17  68.6
2018 299  0 20  68.3
2018 299  1 20  68.3
2018 299  2 20  68.3
2018 299  3 13  68.3
2018 299  4 13  68.3
2018 299  5 13  68.3
2018 299  6  7  68.3
2018 299  7  7  68.3
2018 299  8  7  68.3
2018 299  9 17  68.3
2018 299 10 17  68.3
2018 299 11 17  68.3
2018 299 12 13  68.3
2018 299 13 13  68.3
2018 299 14 13  68.3
2018 299 15 10  68.3
2018 299 16 10  68.3
2018 299 17 10  68.3
2018 299 18 20  68.3
2018 299 19 20  68.3
2018 299 20 20  68.3
2018 299 21 23  68.3
2018 299 22 23  68.3
2018 299 23 23  68.3
2018 300  0  7  68.5
2018 300  1  7  68.5
2018 300  2  7  68.5
2018 300  3 17  68.5
2018 300  4 17  68.5
2018 300  5 17  68.5
2018 300  6 17  68.5
2018 300  7 17  68.5
2018 300  8 17  68.5
2018 300  9 10  68.5
2018 300 10 10  68.5
2018 300 11 10  68.5
2018 300 12  3  68.5
2018 300 13  3  68.5
2018 300 14  3  68.5
2018 300 15  0  68.5
2018 300 16  0  68.5
2018 300 17  0  68.5
2018 300 18  3  68.5
2018 300 19  3  68.5
2018 300 20  3  68.5
2018 300 21  0  68.5
2018 300 22  0  68.5
2018 300 23  0  68.5
2018 301  0 13  67.4
2018 301  1 13  67.4
2018 301  2 13  67.4
2018 301  3  7  67.4
2018 301  4  7  67.4
2018 301  5  7  67.4
2018 301  6  7  67.4
2018 301  7  7  67.4
2018 301  8  7  67.4
2018 301  9  7  67.4
2018 301 10  7  67.4
2018 301 11  7  67.4
2018 301 12  3  67.4
2018 301 13  3  67.4
2018 301 14  3  67.4
2018 301 15  7  67.4
2018 301 16  7  67.4
2018 301 17  7  67.4
2018 301 18  3  67.4
2018 301 19  3  67.4
2018 301 20  3  67.4
2018 301 21  7  67.4
2018 301 22  7  67.4
2018 301 23  7  67.4
2018 302  0  0  67.9
2018 302  1  0  67.9
2018 302  2  0  67.9
2018 302  3  0  67.9
2018 302  4  0  67.9
2018 302  5  0  67.9
2018 302  6  0  67.9
2018 302  7  0  67.9
2018 302  8  0  67.9
2018 302  9  0  67.9
2018 302 10  0  67.9
2018 302 11  0  67.9
2018 302 12  3  67.9
2018 302 13  3  67.9
2018 302 14  3  67.9
2018 302 15  3  67.9
2018 302 16  3  67.9
2018 302 17  3  67.9
2018 302 18  3  67.9
2018 302 19  3  67.9
2018 302 20  3  67.9
2018 302 21  3  67.9
2018 302 22  3  67.9
2018 302 23  3  67.9
2018 303  0 20  66.1
2018 303  1 20  66.1
2018 303  2 20  66.1
2018 303  3 17  66.1
2018 303  4 17  66.1
2018 303  5 17  66.1
2018 303  6  7  66.1
2018 303  7  7  66.1
2018 303  8  7  66.1
2018 303  9  3  66.1
2018 303 10  3  66.1
2018 303 11  3  66.1
2018 303 12  0  66.1
2018 303 13  0  66.1
2018 303 14  0  66.1
2018 303 15  3  66.1
2018 303 16  3  66.1
2018 303 17  3  66.1
2018 303 18  7  66.1
2018 303 19  7  66.1
2018 303 20  7  66.1
2018 303 21 10  66.1
2018 303 22 10  66.1
2018 303 23 10  66.1
2018 304  0  7  67.1
2018 304  1  7  67.1
2018 304  2  7  67.1
2018 304  3  0  67.1
2018 304  4  0  67.1
2018 304  5  0  67.1
2018 304  6  0  67.1
2018 304  7  0  67.1
2018 304  8  0  67.1
2018 304  9  3  67.1
2018 304 10  3  67.1
2018 304 11  3  67.1
2018 304 12 13  67.1
2018 304 13 13  67.1
2018 304 14 13  67.1
2018 304 15 17  67.1
2018 304 16 17  67.1
2018 304 17 17  67.1
2018 304 18 17  67.1
2018 304 19 17  67.1
2018 304 20 17  67.1
2018 304 21 13  67.1
2018 304 22 13  67.1
2018 304 23 13  67.1
