2001 334  0  7 219.6
2001 334  1  7 219.6
2001 334  2  7 219.6
2001 334  3  3 219.6
2001 334  4  3 219.6
2001 334  5  3 219.6
2001 334  6  0 219.6
2001 334  7  0 219.6
2001 334  8  0 219.6
2001 334  9  3 219.6
2001 334 10  3 219.6
2001 334 11  3 219.6
2001 334 12  3 219.6
2001 334 13  3 219.6
2001 334 14  3 219.6
2001 334 15  3 219.6
2001 334 16  3 219.6
2001 334 17  3 219.6
2001 334 18 10 219.6
2001 334 19 10 219.6
2001 334 20 10 219.6
2001 334 21 10 219.6
2001 334 22 10 219.6
2001 334 23 10 219.6
2001 335  0  7 215.1
2001 335  1  7 215.1
2001 335  2  7 215.1
2001 335  3  7 215.1
2001 335  4  7 215.1
2001 335  5  7 215.1
2001 335  6 17 215.1
2001 335  7 17 215.1
2001 335  8 17 215.1
2001 335  9 20 215.1
2001 335 10 20 215.1
2001 335 11 20 215.1
2001 335 12 27 215.1
2001 335 13 27 215.1
2001 335 14 27 215.1
2001 335 15 27 215.1
2001 335 16 27 215.1
2001 335 17 27 215.1
2001 335 18 10 215.1
2001 335 19 10 215.1
2001 335 20 10 215.1
2001 335 21 17 215.1
2001 335 22 17 215.1
2001 335 23 17 215.1
2001 336  0 10 238.1
2001 336  1 10 238.1
2001 336  2 10 238.1
2001 336  3  0 238.1
2001 336  4  0 238.1
2001 336  5  0 238.1
2001 336  6 10 238.1
2001 336  7 10 238.1
2001 336  8 10 238.1
2001 336  9 13 238.1
2001 336 10 13 238.1
2001 336 11 13 238.1
2001 336 12 20 238.1
2001 336 13 20 238.1
2001 336 14 20 238.1
2001 336 15 20 238.1
2001 336 16 20 238.1
2001 336 17 20 238.1
2001 336 18 13 238.1
2001 336 19 13 238.1
2001 336 20 13 238.1
2001 336 21 10 238.1
2001 336 22 10 238.1
2001 336 23 10 238.1
2001 337  0  3 228.3
2001 337  1  3 228.3
2001 337  2  3 228.3
2001 337  3 17 228.3
2001 337  4 17 228.3
2001 337  5 17 228.3
2001 337  6  7 228.3
2001 337  7  7 228.3
2001 337  8  7 228.3
2001 337  9 13 228.3
2001 337 10 13 228.3
2001 337 11 13 228.3
2001 337 12 23 228.3
2001 337 13 23 228.3
2001 337 14 23 228.3
2001 337 15 20 228.3
2001 337 16 20 228.3
2001 337 17 20 228.3
2001 337 18 33 228.3
2001 337 19 33 228.3
2001 337 20 33 228.3
2001 337 21 33 228.3
2001 337 22 33 228.3
2001 337 23 33 228.3
2001 338  0 30 226.6
2001 338  1 30 226.6
2001 338  2 30 226.6
2001 338  3 23 226.6
2001 338  4 23 226.6
2001 338  5 23 226.6
2001 338  6 17 226.6
2001 338  7 17 226.6
2001 338  8 17 226.6
2001 338  9 23 226.6
2001 338 10 23 226.6
2001 338 11 23 226.6
2001 338 12 30 226.6
2001 338 13 30 226.6
2001 338 14 30 226.6
2001 338 15 17 226.6
2001 338 16 17 226.6
2001 338 17 17 226.6
2001 338 18 30 226.6
2001 338 19 30 226.6
2001 338 20 30 226.6
2001 338 21 20 226.6
2001 338 22 20 226.6
2001 338 23 20 226.6
2001 339  0 40 230.1
2001 339  1 40 230.1
2001 339  2 40 230.1
2001 339  3 27 230.1
2001 339  4 27 230.1
2001 339  5 27 230.1
2001 339  6 13 230.1
2001 339  7 13 230.1
2001 339  8 13 230.1
2001 339  9 23 230.1
2001 339 10 23 230.1
2001 339 11 23 230.1
2001 339 12 20 230.1
2001 339 13 20 230.1
2001 339 14 20 230.1
2001 339 15 20 230.1
2001 339 16 20 230.1
2001 339 17 20 230.1
2001 339 18 27 230.1
2001 339 19 27 230.1
2001 339 20 27 230.1
2001 339 21 20 230.1
2001 339 22 20 230.1
2001 339 23 20 230.1
2001 340  0 30 239.5
2001 340  1 30 239.5
2001 340  2 30 239.5
2001 340  3 17 239.5
2001 340  4 17 239.5
2001 340  5 17 239.5
2001 340  6 20 239.5
2001 340  7 20 239.5
2001 340  8 20 239.5
2001 340  9 30 239.5
2001 340 10 30 239.5
2001 340 11 30 239.5
2001 340 12 23 239.5
2001 340 13 23 239.5
2001 340 14 23 239.5
2001 340 15 27 239.5
2001 340 16 27 239.5
2001 340 17 27 239.5
2001 340 18 27 239.5
2001 340 19 27 239.5
2001 340 20 27 239.5
2001 340 21 30 239.5
2001 340 22 30 239.5
2001 340 23 30 239.5
2001 341  0 23 219.3
2001 341  1 23 219.3
2001 341  2 23 219.3
2001 341  3 13 219.3
2001 341  4 13 219.3
2001 341  5 13 219.3
2001 341  6  7 219.3
2001 341  7  7 219.3
2001 341  8  7 219.3
2001 341  9 10 219.3
2001 341 10 10 219.3
2001 341 11 10 219.3
2001 341 12 23 219.3
2001 341 13 23 219.3
2001 341 14 23 219.3
2001 341 15 27 219.3
2001 341 16 27 219.3
2001 341 17 27 219.3
2001 341 18 10 219.3
2001 341 19 10 219.3
2001 341 20 10 219.3
2001 341 21 17 219.3
2001 341 22 17 219.3
2001 341 23 17 219.3
2001 342  0 33 213.9
2001 342  1 33 213.9
2001 342  2 33 213.9
2001 342  3 13 213.9
2001 342  4 13 213.9
2001 342  5 13 213.9
2001 342  6 17 213.9
2001 342  7 17 213.9
2001 342  8 17 213.9
2001 342  9 17 213.9
2001 342 10 17 213.9
2001 342 11 17 213.9
2001 342 12 20 213.9
2001 342 13 20 213.9
2001 342 14 20 213.9
2001 342 15 10 213.9
2001 342 16 10 213.9
2001 342 17 10 213.9
2001 342 18  7 213.9
2001 342 19  7 213.9
2001 342 20  7 213.9
2001 342 21  7 213.9
2001 342 22  7 213.9
2001 342 23  7 213.9
2001 343  0  3 217.5
2001 343  1  3 217.5
2001 343  2  3 217.5
2001 343  3  7 217.5
2001 343  4  7 217.5
2001 343  5  7 217.5
2001 343  6  0 217.5
2001 343  7  0 217.5
2001 343  8  0 217.5
2001 343  9 13 217.5
2001 343 10 13 217.5
2001 343 11 13 217.5
2001 343 12  7 217.5
2001 343 13  7 217.5
2001 343 14  7 217.5
2001 343 15  0 217.5
2001 343 16  0 217.5
2001 343 17  0 217.5
2001 343 18  3 217.5
2001 343 19  3 217.5
2001 343 20  3 217.5
2001 343 21 17 217.5
2001 343 22 17 217.5
2001 343 23 17 217.5
2001 344  0  3 212.3
2001 344  1  3 212.3
2001 344  2  3 212.3
2001 344  3  3 212.3
2001 344  4  3 212.3
2001 344  5  3 212.3
2001 344  6 10 212.3
2001 344  7 10 212.3
2001 344  8 10 212.3
2001 344  9  7 212.3
2001 344 10  7 212.3
2001 344 11  7 212.3
2001 344 12 17 212.3
2001 344 13 17 212.3
2001 344 14 17 212.3
2001 344 15  7 212.3
2001 344 16  7 212.3
2001 344 17  7 212.3
2001 344 18  7 212.3
2001 344 19  7 212.3
2001 344 20  7 212.3
2001 344 21 13 212.3
2001 344 22 13 212.3
2001 344 23 13 212.3
2001 345  0  7 213.9
2001 345  1  7 213.9
2001 345  2  7 213.9
2001 345  3 10 213.9
2001 345  4 10 213.9
2001 345  5 10 213.9
2001 345  6  7 213.9
2001 345  7  7 213.9
2001 345  8  7 213.9
2001 345  9  7 213.9
2001 345 10  7 213.9
2001 345 11  7 213.9
2001 345 12 10 213.9
2001 345 13 10 213.9
2001 345 14 10 213.9
2001 345 15 10 213.9
2001 345 16 10 213.9
2001 345 17 10 213.9
2001 345 18 17 213.9
2001 345 19 17 213.9
2001 345 20 17 213.9
2001 345 21 17 213.9
2001 345 22 17 213.9
2001 345 23 17 213.9
2001 346  0 20 229.4
2001 346  1 20 229.4
2001 346  2 20 229.4
2001 346  3 23 229.4
2001 346  4 23 229.4
2001 346  5 23 229.4
2001 346  6 23 229.4
2001 346  7 23 229.4
2001 346  8 23 229.4
2001 346  9 33 229.4
2001 346 10 33 229.4
2001 346 11 33 229.4
2001 346 12 23 229.4
2001 346 13 23 229.4
2001 346 14 23 229.4
2001 346 15 23 229.4
2001 346 16 23 229.4
2001 346 17 23 229.4
2001 346 18 30 229.4
2001 346 19 30 229.4
2001 346 20 30 229.4
2001 346 21 30 229.4
2001 346 22 30 229.4
2001 346 23 30 229.4
2001 347  0 20 213.4
2001 347  1 20 213.4
2001 347  2 20 213.4
2001 347  3 17 213.4
2001 347  4 17 213.4
2001 347  5 17 213.4
2001 347  6 10 213.4
2001 347  7 10 213.4
2001 347  8 10 213.4
2001 347  9  3 213.4
2001 347 10  3 213.4
2001 347 11  3 213.4
2001 347 12 10 213.4
2001 347 13 10 213.4
2001 347 14 10 213.4
2001 347 15 10 213.4
2001 347 16 10 213.4
2001 347 17 10 213.4
2001 347 18  0 213.4
2001 347 19  0 213.4
2001 347 20  0 213.4
2001 347 21  0 213.4
2001 347 22  0 213.4
2001 347 23  0 213.4
2001 348  0  0 209.9
2001 348  1  0 209.9
2001 348  2  0 209.9
2001 348  3  7 209.9
2001 348  4  7 209.9
2001 348  5  7 209.9
2001 348  6  0 209.9
2001 348  7  0 209.9
2001 348  8  0 209.9
2001 348  9 10 209.9
2001 348 10 10 209.9
2001 348 11 10 209.9
2001 348 12 20 209.9
2001 348 13 20 209.9
2001 348 14 20 209.9
2001 348 15 17 209.9
2001 348 16 17 209.9
2001 348 17 17 209.9
2001 348 18 20 209.9
2001 348 19 20 209.9
2001 348 20 20 209.9
2001 348 21 20 209.9
2001 348 22 20 209.9
2001 348 23 20 209.9
2001 349  0 23 211.0
2001 349  1 23 211.0
2001 349  2 23 211.0
2001 349  3 30 211.0
2001 349  4 30 211.0
2001 349  5 30 211.0
2001 349  6 20 211.0
2001 349  7 20 211.0
2001 349  8 20 211.0
2001 349  9 23 211.0
2001 349 10 23 211.0
2001 349 11 23 211.0
2001 349 12 30 211.0
2001 349 13 30 211.0
2001 349 14 30 211.0
2001 349 15 17 211.0
2001 349 16 17 211.0
2001 349 17 17 211.0
2001 349 18 10 211.0
2001 349 19 10 211.0
2001 349 20 10 211.0
2001 349 21 23 211.0
2001 349 22 23 211.0
2001 349 23 23 211.0
2001 350  0 27 202.5
2001 350  1 27 202.5
2001 350  2 27 202.5
2001 350  3 33 202.5
2001 350  4 33 202.5
2001 350  5 33 202.5
2001 350  6 33 202.5
2001 350  7 33 202.5
2001 350  8 33 202.5
2001 350  9 23 202.5
2001 350 10 23 202.5
2001 350 11 23 202.5
2001 350 12 23 202.5
2001 350 13 23 202.5
2001 350 14 23 202.5
2001 350 15 17 202.5
2001 350 16 17 202.5
2001 350 17 17 202.5
2001 350 18 17 202.5
2001 350 19 17 202.5
2001 350 20 17 202.5
2001 350 21 13 202.5
2001 350 22 13 202.5
2001 350 23 13 202.5
2001 351  0 27 199.0
2001 351  1 27 199.0
2001 351  2 27 199.0
2001 351  3 37 199.0
2001 351  4 37 199.0
2001 351  5 37 199.0
2001 351  6 30 199.0
2001 351  7 30 199.0
2001 351  8 30 199.0
2001 351  9 30 199.0
2001 351 10 30 199.0
2001 351 11 30 199.0
2001 351 12 33 199.0
2001 351 13 33 199.0
2001 351 14 33 199.0
2001 351 15 37 199.0
2001 351 16 37 199.0
2001 351 17 37 199.0
2001 351 18 30 199.0
2001 351 19 30 199.0
2001 351 20 30 199.0
2001 351 21 17 199.0
2001 351 22 17 199.0
2001 351 23 17 199.0
2001 352  0 37 205.0
2001 352  1 37 205.0
2001 352  2 37 205.0
2001 352  3 20 205.0
2001 352  4 20 205.0
2001 352  5 20 205.0
2001 352  6 20 205.0
2001 352  7 20 205.0
2001 352  8 20 205.0
2001 352  9 23 205.0
2001 352 10 23 205.0
2001 352 11 23 205.0
2001 352 12 27 205.0
2001 352 13 27 205.0
2001 352 14 27 205.0
2001 352 15 20 205.0
2001 352 16 20 205.0
2001 352 17 20 205.0
2001 352 18 10 205.0
2001 352 19 10 205.0
2001 352 20 10 205.0
2001 352 21 17 205.0
2001 352 22 17 205.0
2001 352 23 17 205.0
2001 353  0 30 201.6
2001 353  1 30 201.6
2001 353  2 30 201.6
2001 353  3 23 201.6
2001 353  4 23 201.6
2001 353  5 23 201.6
2001 353  6 20 201.6
2001 353  7 20 201.6
2001 353  8 20 201.6
2001 353  9 27 201.6
2001 353 10 27 201.6
2001 353 11 27 201.6
2001 353 12 10 201.6
2001 353 13 10 201.6
2001 353 14 10 201.6
2001 353 15 17 201.6
2001 353 16 17 201.6
2001 353 17 17 201.6
2001 353 18 23 201.6
2001 353 19 23 201.6
2001 353 20 23 201.6
2001 353 21 13 201.6
2001 353 22 13 201.6
2001 353 23 13 201.6
2001 354  0 10 214.0
2001 354  1 10 214.0
2001 354  2 10 214.0
2001 354  3  0 214.0
2001 354  4  0 214.0
2001 354  5  0 214.0
2001 354  6 10 214.0
2001 354  7 10 214.0
2001 354  8 10 214.0
2001 354  9 13 214.0
2001 354 10 13 214.0
2001 354 11 13 214.0
2001 354 12 20 214.0
2001 354 13 20 214.0
2001 354 14 20 214.0
2001 354 15 13 214.0
2001 354 16 13 214.0
2001 354 17 13 214.0
2001 354 18 10 214.0
2001 354 19 10 214.0
2001 354 20 10 214.0
2001 354 21 17 214.0
2001 354 22 17 214.0
2001 354 23 17 214.0
2001 355  0  3 226.7
2001 355  1  3 226.7
2001 355  2  3 226.7
2001 355  3 20 226.7
2001 355  4 20 226.7
2001 355  5 20 226.7
2001 355  6 23 226.7
2001 355  7 23 226.7
2001 355  8 23 226.7
2001 355  9 27 226.7
2001 355 10 27 226.7
2001 355 11 27 226.7
2001 355 12 23 226.7
2001 355 13 23 226.7
2001 355 14 23 226.7
2001 355 15 37 226.7
2001 355 16 37 226.7
2001 355 17 37 226.7
2001 355 18 40 226.7
2001 355 19 40 226.7
2001 355 20 40 226.7
2001 355 21 37 226.7
2001 355 22 37 226.7
2001 355 23 37 226.7
2001 356  0 30 234.9
2001 356  1 30 234.9
2001 356  2 30 234.9
2001 356  3 30 234.9
2001 356  4 30 234.9
2001 356  5 30 234.9
2001 356  6 23 234.9
2001 356  7 23 234.9
2001 356  8 23 234.9
2001 356  9 23 234.9
2001 356 10 23 234.9
2001 356 11 23 234.9
2001 356 12 20 234.9
2001 356 13 20 234.9
2001 356 14 20 234.9
2001 356 15  7 234.9
2001 356 16  7 234.9
2001 356 17  7 234.9
2001 356 18 20 234.9
2001 356 19 20 234.9
2001 356 20 20 234.9
2001 356 21  7 234.9
2001 356 22  7 234.9
2001 356 23  7 234.9
2001 357  0 13 246.3
2001 357  1 13 246.3
2001 357  2 13 246.3
2001 357  3 20 246.3
2001 357  4 20 246.3
2001 357  5 20 246.3
2001 357  6 13 246.3
2001 357  7 13 246.3
2001 357  8 13 246.3
2001 357  9 27 246.3
2001 357 10 27 246.3
2001 357 11 27 246.3
2001 357 12 17 246.3
2001 357 13 17 246.3
2001 357 14 17 246.3
2001 357 15 20 246.3
2001 357 16 20 246.3
2001 357 17 20 246.3
2001 357 18 10 246.3
2001 357 19 10 246.3
2001 357 20 10 246.3
2001 357 21 20 246.3
2001 357 22 20 246.3
2001 357 23 20 246.3
2001 358  0 20 265.5
2001 358  1 20 265.5
2001 358  2 20 265.5
2001 358  3 33 265.5
2001 358  4 33 265.5
2001 358  5 33 265.5
2001 358  6 47 265.5
2001 358  7 47 265.5
2001 358  8 47 265.5
2001 358  9 43 265.5
2001 358 10 43 265.5
2001 358 11 43 265.5
2001 358 12 43 265.5
2001 358 13 43 265.5
2001 358 14 43 265.5
2001 358 15 43 265.5
2001 358 16 43 265.5
2001 358 17 43 265.5
2001 358 18 30 265.5
2001 358 19 30 265.5
2001 358 20 30 265.5
2001 358 21 27 265.5
2001 358 22 27 265.5
2001 358 23 27 265.5
2001 359  0 27 250.3
2001 359  1 27 250.3
2001 359  2 27 250.3
2001 359  3 23 250.3
2001 359  4 23 250.3
2001 359  5 23 250.3
2001 359  6 17 250.3
2001 359  7 17 250.3
2001 359  8 17 250.3
2001 359  9 27 250.3
2001 359 10 27 250.3
2001 359 11 27 250.3
2001 359 12 17 250.3
2001 359 13 17 250.3
2001 359 14 17 250.3
2001 359 15 20 250.3
2001 359 16 20 250.3
2001 359 17 20 250.3
2001 359 18 10 250.3
2001 359 19 10 250.3
2001 359 20 10 250.3
2001 359 21 30 250.3
2001 359 22 30 250.3
2001 359 23 30 250.3
2001 360  0 23 259.0
2001 360  1 23 259.0
2001 360  2 23 259.0
2001 360  3  7 259.0
2001 360  4  7 259.0
2001 360  5  7 259.0
2001 360  6  7 259.0
2001 360  7  7 259.0
2001 360  8  7 259.0
2001 360  9 10 259.0
2001 360 10 10 259.0
2001 360 11 10 259.0
2001 360 12 10 259.0
2001 360 13 10 259.0
2001 360 14 10 259.0
2001 360 15 17 259.0
2001 360 16 17 259.0
2001 360 17 17 259.0
2001 360 18 23 259.0
2001 360 19 23 259.0
2001 360 20 23 259.0
2001 360 21 23 259.0
2001 360 22 23 259.0
2001 360 23 23 259.0
2001 361  0 23 265.6
2001 361  1 23 265.6
2001 361  2 23 265.6
2001 361  3 10 265.6
2001 361  4 10 265.6
2001 361  5 10 265.6
2001 361  6 10 265.6
2001 361  7 10 265.6
2001 361  8 10 265.6
2001 361  9 13 265.6
2001 361 10 13 265.6
2001 361 11 13 265.6
2001 361 12 17 265.6
2001 361 13 17 265.6
2001 361 14 17 265.6
2001 361 15 20 265.6
2001 361 16 20 265.6
2001 361 17 20 265.6
2001 361 18 27 265.6
2001 361 19 27 265.6
2001 361 20 27 265.6
2001 361 21 17 265.6
2001 361 22 17 265.6
2001 361 23 17 265.6
2001 362  0  7 254.6
2001 362  1  7 254.6
2001 362  2  7 254.6
2001 362  3  0 254.6
2001 362  4  0 254.6
2001 362  5  0 254.6
2001 362  6 17 254.6
2001 362  7 17 254.6
2001 362  8 17 254.6
2001 362  9 13 254.6
2001 362 10 13 254.6
2001 362 11 13 254.6
2001 362 12 20 254.6
2001 362 13 20 254.6
2001 362 14 20 254.6
2001 362 15 10 254.6
2001 362 16 10 254.6
2001 362 17 10 254.6
2001 362 18 10 254.6
2001 362 19 10 254.6
2001 362 20 10 254.6
2001 362 21 20 254.6
2001 362 22 20 254.6
2001 362 23 20 254.6
2001 363  0 17 255.7
2001 363  1 17 255.7
2001 363  2 17 255.7
2001 363  3 40 255.7
2001 363  4 40 255.7
2001 363  5 40 255.7
2001 363  6 23 255.7
2001 363  7 23 255.7
2001 363  8 23 255.7
2001 363  9 27 255.7
2001 363 10 27 255.7
2001 363 11 27 255.7
2001 363 12 23 255.7
2001 363 13 23 255.7
2001 363 14 23 255.7
2001 363 15 23 255.7
2001 363 16 23 255.7
2001 363 17 23 255.7
2001 363 18 20 255.7
2001 363 19 20 255.7
2001 363 20 20 255.7
2001 363 21 27 255.7
2001 363 22 27 255.7
2001 363 23 27 255.7
2001 364  0 33 238.5
2001 364  1 33 238.5
2001 364  2 33 238.5
2001 364  3 47 238.5
2001 364  4 47 238.5
2001 364  5 47 238.5
2001 364  6 33 238.5
2001 364  7 33 238.5
2001 364  8 33 238.5
2001 364  9 20 238.5
2001 364 10 20 238.5
2001 364 11 20 238.5
2001 364 12 23 238.5
2001 364 13 23 238.5
2001 364 14 23 238.5
2001 364 15 23 238.5
2001 364 16 23 238.5
2001 364 17 23 238.5
2001 364 18 40 238.5
2001 364 19 40 238.5
2001 364 20 40 238.5
2001 364 21 47 238.5
2001 364 22 47 238.5
2001 364 23 47 238.5
2001 365  0 33 237.5
2001 365  1 33 237.5
2001 365  2 33 237.5
2001 365  3 33 237.5
2001 365  4 33 237.5
2001 365  5 33 237.5
2001 365  6 20 237.5
2001 365  7 20 237.5
2001 365  8 20 237.5
2001 365  9 13 237.5
2001 365 10 13 237.5
2001 365 11 13 237.5
2001 365 12 13 237.5
2001 365 13 13 237.5
2001 365 14 13 237.5
2001 365 15 30 237.5
2001 365 16 30 237.5
2001 365 17 30 237.5
2001 365 18 37 237.5
2001 365 19 37 237.5
2001 365 20 37 237.5
2001 365 21 40 237.5
2001 365 22 40 237.5
2001 365 23 40 237.5
2002   1  0 23 224.5
2002   1  1 23 224.5
2002   1  2 23 224.5
2002   1  3 27 224.5
2002   1  4 27 224.5
2002   1  5 27 224.5
2002   1  6 23 224.5
2002   1  7 23 224.5
2002   1  8 23 224.5
2002   1  9 13 224.5
2002   1 10 13 224.5
2002   1 11 13 224.5
2002   1 12 13 224.5
2002   1 13 13 224.5
2002   1 14 13 224.5
2002   1 15 10 224.5
2002   1 16 10 224.5
2002   1 17 10 224.5
2002   1 18 27 224.5
2002   1 19 27 224.5
2002   1 20 27 224.5
2002   1 21 17 224.5
2002   1 22 17 224.5
2002   1 23 17 224.5
2002   2  0 20 223.5
2002   2  1 20 223.5
2002   2  2 20 223.5
2002   2  3  7 223.5
2002   2  4  7 223.5
2002   2  5  7 223.5
2002   2  6 10 223.5
2002   2  7 10 223.5
2002   2  8 10 223.5
2002   2  9 20 223.5
2002   2 10 20 223.5
2002   2 11 20 223.5
2002   2 12 27 223.5
2002   2 13 27 223.5
2002   2 14 27 223.5
2002   2 15 27 223.5
2002   2 16 27 223.5
2002   2 17 27 223.5
2002   2 18 23 223.5
2002   2 19 23 223.5
2002   2 20 23 223.5
2002   2 21 20 223.5
2002   2 22 20 223.5
2002   2 23 20 223.5
2002   3  0 10 213.0
2002   3  1 10 213.0
2002   3  2 10 213.0
2002   3  3  7 213.0
2002   3  4  7 213.0
2002   3  5  7 213.0
2002   3  6  7 213.0
2002   3  7  7 213.0
2002   3  8  7 213.0
2002   3  9  7 213.0
2002   3 10  7 213.0
2002   3 11  7 213.0
2002   3 12  3 213.0
2002   3 13  3 213.0
2002   3 14  3 213.0
2002   3 15  7 213.0
2002   3 16  7 213.0
2002   3 17  7 213.0
2002   3 18  0 213.0
2002   3 19  0 213.0
2002   3 20  0 213.0
2002   3 21  0 213.0
2002   3 22  0 213.0
2002   3 23  0 213.0
2002   4  0  7 211.0
2002   4  1  7 211.0
2002   4  2  7 211.0
2002   4  3 10 211.0
2002   4  4 10 211.0
2002   4  5 10 211.0
2002   4  6  3 211.0
2002   4  7  3 211.0
2002   4  8  3 211.0
2002   4  9  7 211.0
2002   4 10  7 211.0
2002   4 11  7 211.0
2002   4 12  7 211.0
2002   4 13  7 211.0
2002   4 14  7 211.0
2002   4 15  7 211.0
2002   4 16  7 211.0
2002   4 17  7 211.0
2002   4 18  7 211.0
2002   4 19  7 211.0
2002   4 20  7 211.0
2002   4 21  7 211.0
2002   4 22  7 211.0
2002   4 23  7 211.0
2002   5  0 10 205.2
2002   5  1 10 205.2
2002   5  2 10 205.2
2002   5  3 13 205.2
2002   5  4 13 205.2
2002   5  5 13 205.2
2002   5  6  3 205.2
2002   5  7  3 205.2
2002   5  8  3 205.2
2002   5  9  3 205.2
2002   5 10  3 205.2
2002   5 11  3 205.2
2002   5 12  3 205.2
2002   5 13  3 205.2
2002   5 14  3 205.2
2002   5 15  3 205.2
2002   5 16  3 205.2
2002   5 17  3 205.2
2002   5 18  3 205.2
2002   5 19  3 205.2
2002   5 20  3 205.2
2002   5 21  0 205.2
2002   5 22  0 205.2
2002   5 23  0 205.2
2002   6  0  3 190.1
2002   6  1  3 190.1
2002   6  2  3 190.1
2002   6  3  0 190.1
2002   6  4  0 190.1
2002   6  5  0 190.1
2002   6  6  0 190.1
2002   6  7  0 190.1
2002   6  8  0 190.1
2002   6  9  0 190.1
2002   6 10  0 190.1
2002   6 11  0 190.1
2002   6 12 10 190.1
2002   6 13 10 190.1
2002   6 14 10 190.1
2002   6 15 13 190.1
2002   6 16 13 190.1
2002   6 17 13 190.1
2002   6 18  3 190.1
2002   6 19  3 190.1
2002   6 20  3 190.1
2002   6 21 10 190.1
2002   6 22 10 190.1
2002   6 23 10 190.1
2002   7  0  0 182.4
2002   7  1  0 182.4
2002   7  2  0 182.4
2002   7  3 13 182.4
2002   7  4 13 182.4
2002   7  5 13 182.4
2002   7  6 13 182.4
2002   7  7 13 182.4
2002   7  8 13 182.4
2002   7  9 23 182.4
2002   7 10 23 182.4
2002   7 11 23 182.4
2002   7 12 13 182.4
2002   7 13 13 182.4
2002   7 14 13 182.4
2002   7 15 27 182.4
2002   7 16 27 182.4
2002   7 17 27 182.4
2002   7 18 27 182.4
2002   7 19 27 182.4
2002   7 20 27 182.4
2002   7 21 20 182.4
2002   7 22 20 182.4
2002   7 23 20 182.4
2002   8  0 30 192.6
2002   8  1 30 192.6
2002   8  2 30 192.6
2002   8  3 30 192.6
2002   8  4 30 192.6
2002   8  5 30 192.6
2002   8  6 37 192.6
2002   8  7 37 192.6
2002   8  8 37 192.6
2002   8  9 17 192.6
2002   8 10 17 192.6
2002   8 11 17 192.6
2002   8 12 30 192.6
2002   8 13 30 192.6
2002   8 14 30 192.6
2002   8 15 17 192.6
2002   8 16 17 192.6
2002   8 17 17 192.6
2002   8 18 10 192.6
2002   8 19 10 192.6
2002   8 20 10 192.6
2002   8 21  3 192.6
2002   8 22  3 192.6
2002   8 23  3 192.6
2002   9  0  0 220.9
2002   9  1  0 220.9
2002   9  2  0 220.9
2002   9  3  0 220.9
2002   9  4  0 220.9
2002   9  5  0 220.9
2002   9  6  0 220.9
2002   9  7  0 220.9
2002   9  8  0 220.9
2002   9  9  3 220.9
2002   9 10  3 220.9
2002   9 11  3 220.9
2002   9 12  7 220.9
2002   9 13  7 220.9
2002   9 14  7 220.9
2002   9 15 17 220.9
2002   9 16 17 220.9
2002   9 17 17 220.9
2002   9 18 13 220.9
2002   9 19 13 220.9
2002   9 20 13 220.9
2002   9 21  7 220.9
2002   9 22  7 220.9
2002   9 23  7 220.9
2002  10  0 13 217.3
2002  10  1 13 217.3
2002  10  2 13 217.3
2002  10  3 17 217.3
2002  10  4 17 217.3
2002  10  5 17 217.3
2002  10  6 23 217.3
2002  10  7 23 217.3
2002  10  8 23 217.3
2002  10  9 23 217.3
2002  10 10 23 217.3
2002  10 11 23 217.3
2002  10 12 40 217.3
2002  10 13 40 217.3
2002  10 14 40 217.3
2002  10 15 50 217.3
2002  10 16 50 217.3
2002  10 17 50 217.3
2002  10 18 40 217.3
2002  10 19 40 217.3
2002  10 20 40 217.3
2002  10 21 33 217.3
2002  10 22 33 217.3
2002  10 23 33 217.3
2002  11  0 43 221.4
2002  11  1 43 221.4
2002  11  2 43 221.4
2002  11  3 50 221.4
2002  11  4 50 221.4
2002  11  5 50 221.4
2002  11  6 43 221.4
2002  11  7 43 221.4
2002  11  8 43 221.4
2002  11  9 37 221.4
2002  11 10 37 221.4
2002  11 11 37 221.4
2002  11 12 33 221.4
2002  11 13 33 221.4
2002  11 14 33 221.4
2002  11 15 43 221.4
2002  11 16 43 221.4
2002  11 17 43 221.4
2002  11 18 33 221.4
2002  11 19 33 221.4
2002  11 20 33 221.4
2002  11 21 30 221.4
2002  11 22 30 221.4
2002  11 23 30 221.4
2002  12  0 37 225.7
2002  12  1 37 225.7
2002  12  2 37 225.7
2002  12  3 33 225.7
2002  12  4 33 225.7
2002  12  5 33 225.7
2002  12  6 37 225.7
2002  12  7 37 225.7
2002  12  8 37 225.7
2002  12  9 37 225.7
2002  12 10 37 225.7
2002  12 11 37 225.7
2002  12 12 27 225.7
2002  12 13 27 225.7
2002  12 14 27 225.7
2002  12 15 37 225.7
2002  12 16 37 225.7
2002  12 17 37 225.7
2002  12 18 30 225.7
2002  12 19 30 225.7
2002  12 20 30 225.7
2002  12 21 13 225.7
2002  12 22 13 225.7
2002  12 23 13 225.7
2002  13  0 23 232.9
2002  13  1 23 232.9
2002  13  2 23 232.9
2002  13  3 27 232.9
2002  13  4 27 232.9
2002  13  5 27 232.9
2002  13  6 30 232.9
2002  13  7 30 232.9
2002  13  8 30 232.9
2002  13  9 33 232.9
2002  13 10 33 232.9
2002  13 11 33 232.9
2002  13 12 30 232.9
2002  13 13 30 232.9
2002  13 14 30 232.9
2002  13 15 23 232.9
2002  13 16 23 232.9
2002  13 17 23 232.9
2002  13 18 20 232.9
2002  13 19 20 232.9
2002  13 20 20 232.9
2002  13 21 33 232.9
2002  13 22 33 232.9
2002  13 23 33 232.9
2002  14  0 27 221.6
2002  14  1 27 221.6
2002  14  2 27 221.6
2002  14  3 23 221.6
2002  14  4 23 221.6
2002  14  5 23 221.6
2002  14  6 17 221.6
2002  14  7 17 221.6
2002  14  8 17 221.6
2002  14  9 13 221.6
2002  14 10 13 221.6
2002  14 11 13 221.6
2002  14 12 23 221.6
2002  14 13 23 221.6
2002  14 14 23 221.6
2002  14 15 20 221.6
2002  14 16 20 221.6
2002  14 17 20 221.6
2002  14 18 17 221.6
2002  14 19 17 221.6
2002  14 20 17 221.6
2002  14 21 20 221.6
2002  14 22 20 221.6
2002  14 23 20 221.6
2002  15  0 13 211.2
2002  15  1 13 211.2
2002  15  2 13 211.2
2002  15  3 17 211.2
2002  15  4 17 211.2
2002  15  5 17 211.2
2002  15  6 20 211.2
2002  15  7 20 211.2
2002  15  8 20 211.2
2002  15  9 23 211.2
2002  15 10 23 211.2
2002  15 11 23 211.2
2002  15 12 20 211.2
2002  15 13 20 211.2
2002  15 14 20 211.2
2002  15 15 20 211.2
2002  15 16 20 211.2
2002  15 17 20 211.2
2002  15 18 13 211.2
2002  15 19 13 211.2
2002  15 20 13 211.2
2002  15 21 20 211.2
2002  15 22 20 211.2
2002  15 23 20 211.2
2002  16  0 13 209.1
2002  16  1 13 209.1
2002  16  2 13 209.1
2002  16  3 10 209.1
2002  16  4 10 209.1
2002  16  5 10 209.1
2002  16  6 20 209.1
2002  16  7 20 209.1
2002  16  8 20 209.1
2002  16  9  7 209.1
2002  16 10  7 209.1
2002  16 11  7 209.1
2002  16 12  7 209.1
2002  16 13  7 209.1
2002  16 14  7 209.1
2002  16 15  7 209.1
2002  16 16  7 209.1
2002  16 17  7 209.1
2002  16 18  7 209.1
2002  16 19  7 209.1
2002  16 20  7 209.1
2002  16 21  0 209.1
2002  16 22  0 209.1
2002  16 23  0 209.1
2002  17  0 27 205.0
2002  17  1 27 205.0
2002  17  2 27 205.0
2002  17  3 23 205.0
2002  17  4 23 205.0
2002  17  5 23 205.0
2002  17  6 13 205.0
2002  17  7 13 205.0
2002  17  8 13 205.0
2002  17  9 23 205.0
2002  17 10 23 205.0
2002  17 11 23 205.0
2002  17 12 20 205.0
2002  17 13 20 205.0
2002  17 14 20 205.0
2002  17 15 27 205.0
2002  17 16 27 205.0
2002  17 17 27 205.0
2002  17 18 13 205.0
2002  17 19 13 205.0
2002  17 20 13 205.0
2002  17 21 23 205.0
2002  17 22 23 205.0
2002  17 23 23 205.0
2002  18  0 30 203.8
2002  18  1 30 203.8
2002  18  2 30 203.8
2002  18  3 20 203.8
2002  18  4 20 203.8
2002  18  5 20 203.8
2002  18  6  7 203.8
2002  18  7  7 203.8
2002  18  8  7 203.8
2002  18  9 13 203.8
2002  18 10 13 203.8
2002  18 11 13 203.8
2002  18 12 10 203.8
2002  18 13 10 203.8
2002  18 14 10 203.8
2002  18 15 13 203.8
2002  18 16 13 203.8
2002  18 17 13 203.8
2002  18 18  3 203.8
2002  18 19  3 203.8
2002  18 20  3 203.8
2002  18 21  0 203.8
2002  18 22  0 203.8
2002  18 23  0 203.8
2002  19  0  0 206.9
2002  19  1  0 206.9
2002  19  2  0 206.9
2002  19  3 10 206.9
2002  19  4 10 206.9
2002  19  5 10 206.9
2002  19  6 17 206.9
2002  19  7 17 206.9
2002  19  8 17 206.9
2002  19  9 30 206.9
2002  19 10 30 206.9
2002  19 11 30 206.9
2002  19 12 37 206.9
2002  19 13 37 206.9
2002  19 14 37 206.9
2002  19 15 40 206.9
2002  19 16 40 206.9
2002  19 17 40 206.9
2002  19 18 33 206.9
2002  19 19 33 206.9
2002  19 20 33 206.9
2002  19 21 37 206.9
2002  19 22 37 206.9
2002  19 23 37 206.9
2002  20  0 37 215.2
2002  20  1 37 215.2
2002  20  2 37 215.2
2002  20  3 30 215.2
2002  20  4 30 215.2
2002  20  5 30 215.2
2002  20  6 17 215.2
2002  20  7 17 215.2
2002  20  8 17 215.2
2002  20  9 17 215.2
2002  20 10 17 215.2
2002  20 11 17 215.2
2002  20 12 17 215.2
2002  20 13 17 215.2
2002  20 14 17 215.2
2002  20 15 20 215.2
2002  20 16 20 215.2
2002  20 17 20 215.2
2002  20 18 20 215.2
2002  20 19 20 215.2
2002  20 20 20 215.2
2002  20 21 23 215.2
2002  20 22 23 215.2
2002  20 23 23 215.2
2002  21  0 37 217.5
2002  21  1 37 217.5
2002  21  2 37 217.5
2002  21  3 30 217.5
2002  21  4 30 217.5
2002  21  5 30 217.5
2002  21  6 20 217.5
2002  21  7 20 217.5
2002  21  8 20 217.5
2002  21  9 20 217.5
2002  21 10 20 217.5
2002  21 11 20 217.5
2002  21 12 23 217.5
2002  21 13 23 217.5
2002  21 14 23 217.5
2002  21 15 27 217.5
2002  21 16 27 217.5
2002  21 17 27 217.5
2002  21 18 27 217.5
2002  21 19 27 217.5
2002  21 20 27 217.5
2002  21 21 20 217.5
2002  21 22 20 217.5
2002  21 23 20 217.5
2002  22  0 10 221.5
2002  22  1 10 221.5
2002  22  2 10 221.5
2002  22  3 13 221.5
2002  22  4 13 221.5
2002  22  5 13 221.5
2002  22  6 20 221.5
2002  22  7 20 221.5
2002  22  8 20 221.5
2002  22  9 17 221.5
2002  22 10 17 221.5
2002  22 11 17 221.5
2002  22 12 20 221.5
2002  22 13 20 221.5
2002  22 14 20 221.5
2002  22 15 17 221.5
2002  22 16 17 221.5
2002  22 17 17 221.5
2002  22 18 13 221.5
2002  22 19 13 221.5
2002  22 20 13 221.5
2002  22 21 17 221.5
2002  22 22 17 221.5
2002  22 23 17 221.5
2002  23  0 27 219.4
2002  23  1 27 219.4
2002  23  2 27 219.4
2002  23  3 13 219.4
2002  23  4 13 219.4
2002  23  5 13 219.4
2002  23  6 17 219.4
2002  23  7 17 219.4
2002  23  8 17 219.4
2002  23  9 20 219.4
2002  23 10 20 219.4
2002  23 11 20 219.4
2002  23 12 17 219.4
2002  23 13 17 219.4
2002  23 14 17 219.4
2002  23 15 20 219.4
2002  23 16 20 219.4
2002  23 17 20 219.4
2002  23 18 30 219.4
2002  23 19 30 219.4
2002  23 20 30 219.4
2002  23 21 23 219.4
2002  23 22 23 219.4
2002  23 23 23 219.4
2002  24  0 17 223.6
2002  24  1 17 223.6
2002  24  2 17 223.6
2002  24  3 30 223.6
2002  24  4 30 223.6
2002  24  5 30 223.6
2002  24  6  0 223.6
2002  24  7  0 223.6
2002  24  8  0 223.6
2002  24  9  3 223.6
2002  24 10  3 223.6
2002  24 11  3 223.6
2002  24 12  3 223.6
2002  24 13  3 223.6
2002  24 14  3 223.6
2002  24 15 10 223.6
2002  24 16 10 223.6
2002  24 17 10 223.6
2002  24 18  3 223.6
2002  24 19  3 223.6
2002  24 20  3 223.6
2002  24 21  3 223.6
2002  24 22  3 223.6
2002  24 23  3 223.6
2002  25  0 10 227.6
2002  25  1 10 227.6
2002  25  2 10 227.6
2002  25  3  7 227.6
2002  25  4  7 227.6
2002  25  5  7 227.6
2002  25  6 10 227.6
2002  25  7 10 227.6
2002  25  8 10 227.6
2002  25  9 17 227.6
2002  25 10 17 227.6
2002  25 11 17 227.6
2002  25 12 30 227.6
2002  25 13 30 227.6
2002  25 14 30 227.6
2002  25 15 37 227.6
2002  25 16 37 227.6
2002  25 17 37 227.6
2002  25 18 37 227.6
2002  25 19 37 227.6
2002  25 20 37 227.6
2002  25 21 20 227.6
2002  25 22 20 227.6
2002  25 23 20 227.6
2002  26  0 30 248.7
2002  26  1 30 248.7
2002  26  2 30 248.7
2002  26  3 23 248.7
2002  26  4 23 248.7
2002  26  5 23 248.7
2002  26  6 20 248.7
2002  26  7 20 248.7
2002  26  8 20 248.7
2002  26  9 20 248.7
2002  26 10 20 248.7
2002  26 11 20 248.7
2002  26 12 13 248.7
2002  26 13 13 248.7
2002  26 14 13 248.7
2002  26 15 20 248.7
2002  26 16 20 248.7
2002  26 17 20 248.7
2002  26 18 20 248.7
2002  26 19 20 248.7
2002  26 20 20 248.7
2002  26 21 10 248.7
2002  26 22 10 248.7
2002  26 23 10 248.7
2002  27  0 30 240.5
2002  27  1 30 240.5
2002  27  2 30 240.5
2002  27  3 23 240.5
2002  27  4 23 240.5
2002  27  5 23 240.5
2002  27  6 17 240.5
2002  27  7 17 240.5
2002  27  8 17 240.5
2002  27  9 20 240.5
2002  27 10 20 240.5
2002  27 11 20 240.5
2002  27 12 20 240.5
2002  27 13 20 240.5
2002  27 14 20 240.5
2002  27 15 17 240.5
2002  27 16 17 240.5
2002  27 17 17 240.5
2002  27 18 13 240.5
2002  27 19 13 240.5
2002  27 20 13 240.5
2002  27 21 17 240.5
2002  27 22 17 240.5
2002  27 23 17 240.5
2002  28  0 23 252.0
2002  28  1 23 252.0
2002  28  2 23 252.0
2002  28  3 10 252.0
2002  28  4 10 252.0
2002  28  5 10 252.0
2002  28  6 10 252.0
2002  28  7 10 252.0
2002  28  8 10 252.0
2002  28  9 23 252.0
2002  28 10 23 252.0
2002  28 11 23 252.0
2002  28 12 27 252.0
2002  28 13 27 252.0
2002  28 14 27 252.0
2002  28 15 20 252.0
2002  28 16 20 252.0
2002  28 17 20 252.0
2002  28 18 17 252.0
2002  28 19 17 252.0
2002  28 20 17 252.0
2002  28 21 20 252.0
2002  28 22 20 252.0
2002  28 23 20 252.0
2002  29  0 20 253.2
2002  29  1 20 253.2
2002  29  2 20 253.2
2002  29  3 20 253.2
2002  29  4 20 253.2
2002  29  5 20 253.2
2002  29  6 10 253.2
2002  29  7 10 253.2
2002  29  8 10 253.2
2002  29  9 17 253.2
2002  29 10 17 253.2
2002  29 11 17 253.2
2002  29 12  7 253.2
2002  29 13  7 253.2
2002  29 14  7 253.2
2002  29 15  7 253.2
2002  29 16  7 253.2
2002  29 17  7 253.2
2002  29 18  3 253.2
2002  29 19  3 253.2
2002  29 20  3 253.2
2002  29 21  7 253.2
2002  29 22  7 253.2
2002  29 23  7 253.2
2002  30  0  7 248.8
2002  30  1  7 248.8
2002  30  2  7 248.8
2002  30  3  0 248.8
2002  30  4  0 248.8
2002  30  5  0 248.8
2002  30  6  3 248.8
2002  30  7  3 248.8
2002  30  8  3 248.8
2002  30  9  3 248.8
2002  30 10  3 248.8
2002  30 11  3 248.8
2002  30 12  7 248.8
2002  30 13  7 248.8
2002  30 14  7 248.8
2002  30 15  7 248.8
2002  30 16  7 248.8
2002  30 17  7 248.8
2002  30 18 10 248.8
2002  30 19 10 248.8
2002  30 20 10 248.8
2002  30 21 10 248.8
2002  30 22 10 248.8
2002  30 23 10 248.8
2002  31  0 23 235.5
2002  31  1 23 235.5
2002  31  2 23 235.5
2002  31  3 17 235.5
2002  31  4 17 235.5
2002  31  5 17 235.5
2002  31  6  3 235.5
2002  31  7  3 235.5
2002  31  8  3 235.5
2002  31  9  3 235.5
2002  31 10  3 235.5
2002  31 11  3 235.5
2002  31 12  3 235.5
2002  31 13  3 235.5
2002  31 14  3 235.5
2002  31 15 10 235.5
2002  31 16 10 235.5
2002  31 17 10 235.5
2002  31 18 10 235.5
2002  31 19 10 235.5
2002  31 20 10 235.5
2002  31 21 37 235.5
2002  31 22 37 235.5
2002  31 23 37 235.5
