Year  DOY  Hour  Kp  F10.7
2020 245  0 27
2020 245  1 27
2020 245  2 27
2020 245  3 43
2020 245  4 43
2020 245  5 43
2020 245  6 27
2020 245  7 27
2020 245  8 27
2020 245  9 30
2020 245 10 30
2020 245 11 30
2020 245 12 30
2020 245 13 30
2020 245 14 30
2020 245 15 40
2020 245 16 40
2020 245 17 40
2020 245 18 27
2020 245 19 27
2020 245 20 27
2020 245 21 30
2020 245 22 30
2020 245 23 30
2020 246  0 27
2020 246  1 27
2020 246  2 27
2020 246  3 23
2020 246  4 23
2020 246  5 23
2020 246  6 20
2020 246  7 20
2020 246  8 20
2020 246  9 27
2020 246 10 27
2020 246 11 27
2020 246 12 27
2020 246 13 27
2020 246 14 27
2020 246 15 23
2020 246 16 23
2020 246 17 23
2020 246 18 17
2020 246 19 17
2020 246 20 17
2020 246 21 17
2020 246 22 17
2020 246 23 17
2020 247  0  0
2020 247  1  0
2020 247  2  0
2020 247  3  0
2020 247  4  0
2020 247  5  0
2020 247  6 10
2020 247  7 10
2020 247  8 10
2020 247  9  7
2020 247 10  7
2020 247 11  7
2020 247 12 13
2020 247 13 13
2020 247 14 13
2020 247 15  7
2020 247 16  7
2020 247 17  7
2020 247 18  3
2020 247 19  3
2020 247 20  3
2020 247 21 17
2020 247 22 17
2020 247 23 17
2020 248  0 27
2020 248  1 27
2020 248  2 27
2020 248  3 13
2020 248  4 13
2020 248  5 13
2020 248  6 13
2020 248  7 13
2020 248  8 13
2020 248  9 20
2020 248 10 20
2020 248 11 20
2020 248 12 20
2020 248 13 20
2020 248 14 20
2020 248 15 17
2020 248 16 17
2020 248 17 17
2020 248 18 23
2020 248 19 23
2020 248 20 23
2020 248 21  3
2020 248 22  3
2020 248 23  3
2020 249  0 17
2020 249  1 17
2020 249  2 17
2020 249  3 13
2020 249  4 13
2020 249  5 13
2020 249  6 17
2020 249  7 17
2020 249  8 17
2020 249  9 20
2020 249 10 20
2020 249 11 20
2020 249 12 17
2020 249 13 17
2020 249 14 17
2020 249 15  3
2020 249 16  3
2020 249 17  3
2020 249 18 10
2020 249 19 10
2020 249 20 10
2020 249 21 10
2020 249 22 10
2020 249 23 10
2020 250  0 20
2020 250  1 20
2020 250  2 20
2020 250  3 10
2020 250  4 10
2020 250  5 10
2020 250  6  3
2020 250  7  3
2020 250  8  3
2020 250  9 10
2020 250 10 10
2020 250 11 10
2020 250 12 10
2020 250 13 10
2020 250 14 10
2020 250 15  3
2020 250 16  3
2020 250 17  3
2020 250 18  7
2020 250 19  7
2020 250 20  7
2020 250 21 17
2020 250 22 17
2020 250 23 17
2020 251  0 10
2020 251  1 10
2020 251  2 10
2020 251  3 13
2020 251  4 13
2020 251  5 13
2020 251  6 13
2020 251  7 13
2020 251  8 13
2020 251  9  7
2020 251 10  7
2020 251 11  7
2020 251 12  7
2020 251 13  7
2020 251 14  7
2020 251 15 10
2020 251 16 10
2020 251 17 10
2020 251 18  3
2020 251 19  3
2020 251 20  3
2020 251 21  0
2020 251 22  0
2020 251 23  0
2020 252  0  7
2020 252  1  7
2020 252  2  7
2020 252  3  3
2020 252  4  3
2020 252  5  3
2020 252  6 10
2020 252  7 10
2020 252  8 10
2020 252  9 10
2020 252 10 10
2020 252 11 10
2020 252 12  7
2020 252 13  7
2020 252 14  7
2020 252 15 13
2020 252 16 13
2020 252 17 13
2020 252 18 10
2020 252 19 10
2020 252 20 10
2020 252 21  0
2020 252 22  0
2020 252 23  0
2020 253  0  7
2020 253  1  7
2020 253  2  7
2020 253  3  0
2020 253  4  0
2020 253  5  0
2020 253  6  0
2020 253  7  0
2020 253  8  0
2020 253  9  0
2020 253 10  0
2020 253 11  0
2020 253 12  0
2020 253 13  0
2020 253 14  0
2020 253 15  3
2020 253 16  3
2020 253 17  3
2020 253 18  0
2020 253 19  0
2020 253 20  0
2020 253 21  0
2020 253 22  0
2020 253 23  0
2020 254  0  0
2020 254  1  0
2020 254  2  0
2020 254  3  0
2020 254  4  0
2020 254  5  0
2020 254  6  0
2020 254  7  0
2020 254  8  0
2020 254  9  3
2020 254 10  3
2020 254 11  3
2020 254 12  3
2020 254 13  3
2020 254 14  3
2020 254 15  3
2020 254 16  3
2020 254 17  3
2020 254 18 10
2020 254 19 10
2020 254 20 10
2020 254 21  3
2020 254 22  3
2020 254 23  3
2020 255  0  0
2020 255  1  0
2020 255  2  0
2020 255  3  0
2020 255  4  0
2020 255  5  0
2020 255  6  3
2020 255  7  3
2020 255  8  3
2020 255  9  3
2020 255 10  3
2020 255 11  3
2020 255 12  0
2020 255 13  0
2020 255 14  0
2020 255 15  7
2020 255 16  7
2020 255 17  7
2020 255 18 10
2020 255 19 10
2020 255 20 10
2020 255 21 10
2020 255 22 10
2020 255 23 10
2020 256  0 13
2020 256  1 13
2020 256  2 13
2020 256  3 13
2020 256  4 13
2020 256  5 13
2020 256  6 20
2020 256  7 20
2020 256  8 20
2020 256  9 13
2020 256 10 13
2020 256 11 13
2020 256 12  3
2020 256 13  3
2020 256 14  3
2020 256 15  7
2020 256 16  7
2020 256 17  7
2020 256 18 13
2020 256 19 13
2020 256 20 13
2020 256 21 10
2020 256 22 10
2020 256 23 10
2020 257  0 10
2020 257  1 10
2020 257  2 10
2020 257  3 13
2020 257  4 13
2020 257  5 13
2020 257  6 13
2020 257  7 13
2020 257  8 13
2020 257  9  3
2020 257 10  3
2020 257 11  3
2020 257 12 13
2020 257 13 13
2020 257 14 13
2020 257 15 17
2020 257 16 17
2020 257 17 17
2020 257 18 13
2020 257 19 13
2020 257 20 13
2020 257 21 30
2020 257 22 30
2020 257 23 30
2020 258  0 33
2020 258  1 33
2020 258  2 33
2020 258  3 33
2020 258  4 33
2020 258  5 33
2020 258  6 23
2020 258  7 23
2020 258  8 23
2020 258  9 27
2020 258 10 27
2020 258 11 27
2020 258 12 30
2020 258 13 30
2020 258 14 30
2020 258 15 10
2020 258 16 10
2020 258 17 10
2020 258 18  7
2020 258 19  7
2020 258 20  7
2020 258 21 20
2020 258 22 20
2020 258 23 20
2020 259  0 23
2020 259  1 23
2020 259  2 23
2020 259  3 20
2020 259  4 20
2020 259  5 20
2020 259  6 13
2020 259  7 13
2020 259  8 13
2020 259  9 13
2020 259 10 13
2020 259 11 13
2020 259 12  3
2020 259 13  3
2020 259 14  3
2020 259 15  7
2020 259 16  7
2020 259 17  7
2020 259 18 13
2020 259 19 13
2020 259 20 13
2020 259 21 13
2020 259 22 13
2020 259 23 13
2020 260  0  0
2020 260  1  0
2020 260  2  0
2020 260  3  3
2020 260  4  3
2020 260  5  3
2020 260  6 10
2020 260  7 10
2020 260  8 10
2020 260  9 10
2020 260 10 10
2020 260 11 10
2020 260 12  0
2020 260 13  0
2020 260 14  0
2020 260 15 10
2020 260 16 10
2020 260 17 10
2020 260 18 10
2020 260 19 10
2020 260 20 10
2020 260 21  3
2020 260 22  3
2020 260 23  3
2020 261  0  0
2020 261  1  0
2020 261  2  0
2020 261  3  3
2020 261  4  3
2020 261  5  3
2020 261  6 13
2020 261  7 13
2020 261  8 13
2020 261  9  7
2020 261 10  7
2020 261 11  7
2020 261 12  3
2020 261 13  3
2020 261 14  3
2020 261 15  0
2020 261 16  0
2020 261 17  0
2020 261 18  3
2020 261 19  3
2020 261 20  3
2020 261 21 13
2020 261 22 13
2020 261 23 13
2020 262  0 10
2020 262  1 10
2020 262  2 10
2020 262  3  3
2020 262  4  3
2020 262  5  3
2020 262  6  0
2020 262  7  0
2020 262  8  0
2020 262  9  7
2020 262 10  7
2020 262 11  7
2020 262 12 17
2020 262 13 17
2020 262 14 17
2020 262 15 17
2020 262 16 17
2020 262 17 17
2020 262 18 13
2020 262 19 13
2020 262 20 13
2020 262 21  0
2020 262 22  0
2020 262 23  0
2020 263  0  0
2020 263  1  0
2020 263  2  0
2020 263  3 10
2020 263  4 10
2020 263  5 10
2020 263  6  7
2020 263  7  7
2020 263  8  7
2020 263  9  3
2020 263 10  3
2020 263 11  3
2020 263 12  0
2020 263 13  0
2020 263 14  0
2020 263 15  7
2020 263 16  7
2020 263 17  7
2020 263 18 10
2020 263 19 10
2020 263 20 10
2020 263 21  0
2020 263 22  0
2020 263 23  0
2020 264  0  0
2020 264  1  0
2020 264  2  0
2020 264  3  0
2020 264  4  0
2020 264  5  0
2020 264  6  0
2020 264  7  0
2020 264  8  0
2020 264  9 23
2020 264 10 23
2020 264 11 23
2020 264 12 10
2020 264 13 10
2020 264 14 10
2020 264 15  7
2020 264 16  7
2020 264 17  7
2020 264 18  7
2020 264 19  7
2020 264 20  7
2020 264 21 13
2020 264 22 13
2020 264 23 13
2020 265  0  3
2020 265  1  3
2020 265  2  3
2020 265  3  3
2020 265  4  3
2020 265  5  3
2020 265  6  0
2020 265  7  0
2020 265  8  0
2020 265  9  3
2020 265 10  3
2020 265 11  3
2020 265 12  3
2020 265 13  3
2020 265 14  3
2020 265 15  0
2020 265 16  0
2020 265 17  0
2020 265 18 10
2020 265 19 10
2020 265 20 10
2020 265 21  7
2020 265 22  7
2020 265 23  7
2020 266  0 13
2020 266  1 13
2020 266  2 13
2020 266  3 27
2020 266  4 27
2020 266  5 27
2020 266  6 20
2020 266  7 20
2020 266  8 20
2020 266  9 17
2020 266 10 17
2020 266 11 17
2020 266 12  7
2020 266 13  7
2020 266 14  7
2020 266 15  7
2020 266 16  7
2020 266 17  7
2020 266 18  7
2020 266 19  7
2020 266 20  7
2020 266 21  7
2020 266 22  7
2020 266 23  7
2020 267  0 17
2020 267  1 17
2020 267  2 17
2020 267  3 10
2020 267  4 10
2020 267  5 10
2020 267  6 17
2020 267  7 17
2020 267  8 17
2020 267  9 17
2020 267 10 17
2020 267 11 17
2020 267 12 37
2020 267 13 37
2020 267 14 37
2020 267 15 20
2020 267 16 20
2020 267 17 20
2020 267 18 37
2020 267 19 37
2020 267 20 37
2020 267 21 23
2020 267 22 23
2020 267 23 23
2020 268  0 30
2020 268  1 30
2020 268  2 30
2020 268  3 33
2020 268  4 33
2020 268  5 33
2020 268  6 57
2020 268  7 57
2020 268  8 57
2020 268  9 37
2020 268 10 37
2020 268 11 37
2020 268 12 33
2020 268 13 33
2020 268 14 33
2020 268 15 30
2020 268 16 30
2020 268 17 30
2020 268 18  3
2020 268 19  3
2020 268 20  3
2020 268 21 13
2020 268 22 13
2020 268 23 13
2020 269  0 30
2020 269  1 30
2020 269  2 30
2020 269  3 33
2020 269  4 33
2020 269  5 33
2020 269  6 27
2020 269  7 27
2020 269  8 27
2020 269  9 23
2020 269 10 23
2020 269 11 23
2020 269 12 13
2020 269 13 13
2020 269 14 13
2020 269 15 43
2020 269 16 43
2020 269 17 43
2020 269 18 30
2020 269 19 30
2020 269 20 30
2020 269 21 40
2020 269 22 40
2020 269 23 40
2020 270  0 40
2020 270  1 40
2020 270  2 40
2020 270  3 47
2020 270  4 47
2020 270  5 47
2020 270  6 37
2020 270  7 37
2020 270  8 37
2020 270  9 40
2020 270 10 40
2020 270 11 40
2020 270 12 47
2020 270 13 47
2020 270 14 47
2020 270 15 27
2020 270 16 27
2020 270 17 27
2020 270 18 20
2020 270 19 20
2020 270 20 20
2020 270 21 33
2020 270 22 33
2020 270 23 33
2020 271  0 23
2020 271  1 23
2020 271  2 23
2020 271  3 40
2020 271  4 40
2020 271  5 40
2020 271  6 17
2020 271  7 17
2020 271  8 17
2020 271  9 17
2020 271 10 17
2020 271 11 17
2020 271 12 17
2020 271 13 17
2020 271 14 17
2020 271 15 27
2020 271 16 27
2020 271 17 27
2020 271 18 47
2020 271 19 47
2020 271 20 47
2020 271 21 53
2020 271 22 53
2020 271 23 53
2020 272  0 47
2020 272  1 47
2020 272  2 47
2020 272  3 47
2020 272  4 47
2020 272  5 47
2020 272  6 40
2020 272  7 40
2020 272  8 40
2020 272  9 33
2020 272 10 33
2020 272 11 33
2020 272 12 37
2020 272 13 37
2020 272 14 37
2020 272 15 40
2020 272 16 40
2020 272 17 40
2020 272 18 47
2020 272 19 47
2020 272 20 47
2020 272 21 50
2020 272 22 50
2020 272 23 50
2020 273  0 40
2020 273  1 40
2020 273  2 40
2020 273  3 33
2020 273  4 33
2020 273  5 33
2020 273  6 33
2020 273  7 33
2020 273  8 33
2020 273  9 27
2020 273 10 27
2020 273 11 27
2020 273 12 27
2020 273 13 27
2020 273 14 27
2020 273 15 30
2020 273 16 30
2020 273 17 30
2020 273 18 27
2020 273 19 27
2020 273 20 27
2020 273 21 33
2020 273 22 33
2020 273 23 33
2020 274  0 40
2020 274  1 40
2020 274  2 40
2020 274  3 37
2020 274  4 37
2020 274  5 37
2020 274  6 30
2020 274  7 30
2020 274  8 30
2020 274  9 27
2020 274 10 27
2020 274 11 27
2020 274 12 20
2020 274 13 20
2020 274 14 20
2020 274 15 17
2020 274 16 17
2020 274 17 17
2020 274 18 33
2020 274 19 33
2020 274 20 33
2020 274 21 33
2020 274 22 33
2020 274 23 33
2020 275  0 23
2020 275  1 23
2020 275  2 23
2020 275  3 13
2020 275  4 13
2020 275  5 13
2020 275  6 20
2020 275  7 20
2020 275  8 20
2020 275  9 30
2020 275 10 30
2020 275 11 30
2020 275 12 27
2020 275 13 27
2020 275 14 27
2020 275 15 33
2020 275 16 33
2020 275 17 33
2020 275 18 23
2020 275 19 23
2020 275 20 23
2020 275 21 17
2020 275 22 17
2020 275 23 17
2020 276  0 20
2020 276  1 20
2020 276  2 20
2020 276  3 20
2020 276  4 20
2020 276  5 20
2020 276  6 13
2020 276  7 13
2020 276  8 13
2020 276  9 27
2020 276 10 27
2020 276 11 27
2020 276 12 23
2020 276 13 23
2020 276 14 23
2020 276 15 17
2020 276 16 17
2020 276 17 17
2020 276 18 23
2020 276 19 23
2020 276 20 23
2020 276 21 13
2020 276 22 13
2020 276 23 13
2020 277  0 17
2020 277  1 17
2020 277  2 17
2020 277  3 13
2020 277  4 13
2020 277  5 13
2020 277  6 13
2020 277  7 13
2020 277  8 13
2020 277  9 17
2020 277 10 17
2020 277 11 17
2020 277 12  7
2020 277 13  7
2020 277 14  7
2020 277 15  7
2020 277 16  7
2020 277 17  7
2020 277 18 10
2020 277 19 10
2020 277 20 10
2020 277 21 10
2020 277 22 10
2020 277 23 10
2020 278  0  7
2020 278  1  7
2020 278  2  7
2020 278  3 17
2020 278  4 17
2020 278  5 17
2020 278  6  3
2020 278  7  3
2020 278  8  3
2020 278  9  7
2020 278 10  7
2020 278 11  7
2020 278 12 17
2020 278 13 17
2020 278 14 17
2020 278 15  3
2020 278 16  3
2020 278 17  3
2020 278 18  3
2020 278 19  3
2020 278 20  3
2020 278 21 10
2020 278 22 10
2020 278 23 10
2020 279  0  3
2020 279  1  3
2020 279  2  3
2020 279  3  3
2020 279  4  3
2020 279  5  3
2020 279  6 10
2020 279  7 10
2020 279  8 10
2020 279  9 10
2020 279 10 10
2020 279 11 10
2020 279 12 23
2020 279 13 23
2020 279 14 23
2020 279 15 33
2020 279 16 33
2020 279 17 33
2020 279 18 43
2020 279 19 43
2020 279 20 43
2020 279 21 27
2020 279 22 27
2020 279 23 27
2020 280  0 23
2020 280  1 23
2020 280  2 23
2020 280  3 37
2020 280  4 37
2020 280  5 37
2020 280  6 10
2020 280  7 10
2020 280  8 10
2020 280  9  7
2020 280 10  7
2020 280 11  7
2020 280 12 10
2020 280 13 10
2020 280 14 10
2020 280 15  3
2020 280 16  3
2020 280 17  3
2020 280 18  3
2020 280 19  3
2020 280 20  3
2020 280 21  7
2020 280 22  7
2020 280 23  7
2020 281  0  3
2020 281  1  3
2020 281  2  3
2020 281  3  7
2020 281  4  7
2020 281  5  7
2020 281  6  3
2020 281  7  3
2020 281  8  3
2020 281  9 10
2020 281 10 10
2020 281 11 10
2020 281 12 23
2020 281 13 23
2020 281 14 23
2020 281 15 13
2020 281 16 13
2020 281 17 13
2020 281 18  7
2020 281 19  7
2020 281 20  7
2020 281 21 10
2020 281 22 10
2020 281 23 10
2020 282  0  7
2020 282  1  7
2020 282  2  7
2020 282  3  3
2020 282  4  3
2020 282  5  3
2020 282  6  7
2020 282  7  7
2020 282  8  7
2020 282  9  3
2020 282 10  3
2020 282 11  3
2020 282 12  0
2020 282 13  0
2020 282 14  0
2020 282 15  3
2020 282 16  3
2020 282 17  3
2020 282 18  3
2020 282 19  3
2020 282 20  3
2020 282 21  7
2020 282 22  7
2020 282 23  7
2020 283  0  3
2020 283  1  3
2020 283  2  3
2020 283  3  0
2020 283  4  0
2020 283  5  0
2020 283  6  3
2020 283  7  3
2020 283  8  3
2020 283  9  0
2020 283 10  0
2020 283 11  0
2020 283 12  0
2020 283 13  0
2020 283 14  0
2020 283 15  0
2020 283 16  0
2020 283 17  0
2020 283 18  0
2020 283 19  0
2020 283 20  0
2020 283 21  0
2020 283 22  0
2020 283 23  0
2020 284  0  0
2020 284  1  0
2020 284  2  0
2020 284  3  0
2020 284  4  0
2020 284  5  0
2020 284  6  0
2020 284  7  0
2020 284  8  0
2020 284  9  7
2020 284 10  7
2020 284 11  7
2020 284 12  0
2020 284 13  0
2020 284 14  0
2020 284 15  7
2020 284 16  7
2020 284 17  7
2020 284 18  0
2020 284 19  0
2020 284 20  0
2020 284 21  0
2020 284 22  0
2020 284 23  0
2020 285  0  0
2020 285  1  0
2020 285  2  0
2020 285  3  0
2020 285  4  0
2020 285  5  0
2020 285  6  3
2020 285  7  3
2020 285  8  3
2020 285  9  3
2020 285 10  3
2020 285 11  3
2020 285 12  3
2020 285 13  3
2020 285 14  3
2020 285 15  7
2020 285 16  7
2020 285 17  7
2020 285 18  3
2020 285 19  3
2020 285 20  3
2020 285 21 13
2020 285 22 13
2020 285 23 13
2020 286  0  3
2020 286  1  3
2020 286  2  3
2020 286  3  0
2020 286  4  0
2020 286  5  0
2020 286  6  0
2020 286  7  0
2020 286  8  0
2020 286  9  3
2020 286 10  3
2020 286 11  3
2020 286 12  7
2020 286 13  7
2020 286 14  7
2020 286 15 10
2020 286 16 10
2020 286 17 10
2020 286 18  7
2020 286 19  7
2020 286 20  7
2020 286 21 13
2020 286 22 13
2020 286 23 13
2020 287  0 10
2020 287  1 10
2020 287  2 10
2020 287  3  7
2020 287  4  7
2020 287  5  7
2020 287  6  3
2020 287  7  3
2020 287  8  3
2020 287  9  3
2020 287 10  3
2020 287 11  3
2020 287 12  0
2020 287 13  0
2020 287 14  0
2020 287 15  7
2020 287 16  7
2020 287 17  7
2020 287 18  3
2020 287 19  3
2020 287 20  3
2020 287 21  3
2020 287 22  3
2020 287 23  3
