Year  DOY  Hour  Kp  F10.7
2009 334  0  0  70.4
2009 334  1  0  70.4
2009 334  2  0  70.4
2009 334  3  0  70.4
2009 334  4  0  70.4
2009 334  5  0  70.4
2009 334  6  3  70.4
2009 334  7  3  70.4
2009 334  8  3  70.4
2009 334  9  3  70.4
2009 334 10  3  70.4
2009 334 11  3  70.4
2009 334 12  3  70.4
2009 334 13  3  70.4
2009 334 14  3  70.4
2009 334 15  0  70.4
2009 334 16  0  70.4
2009 334 17  0  70.4
2009 334 18  0  70.4
2009 334 19  0  70.4
2009 334 20  0  70.4
2009 334 21  0  70.4
2009 334 22  0  70.4
2009 334 23  0  70.4
2009 335  0  0  70.2
2009 335  1  0  70.2
2009 335  2  0  70.2
2009 335  3  0  70.2
2009 335  4  0  70.2
2009 335  5  0  70.2
2009 335  6  0  70.2
2009 335  7  0  70.2
2009 335  8  0  70.2
2009 335  9  0  70.2
2009 335 10  0  70.2
2009 335 11  0  70.2
2009 335 12  0  70.2
2009 335 13  0  70.2
2009 335 14  0  70.2
2009 335 15  0  70.2
2009 335 16  0  70.2
2009 335 17  0  70.2
2009 335 18  0  70.2
2009 335 19  0  70.2
2009 335 20  0  70.2
2009 335 21  0  70.2
2009 335 22  0  70.2
2009 335 23  0  70.2
2009 336  0  0  69.4
2009 336  1  0  69.4
2009 336  2  0  69.4
2009 336  3  0  69.4
2009 336  4  0  69.4
2009 336  5  0  69.4
2009 336  6  3  69.4
2009 336  7  3  69.4
2009 336  8  3  69.4
2009 336  9  3  69.4
2009 336 10  3  69.4
2009 336 11  3  69.4
2009 336 12  3  69.4
2009 336 13  3  69.4
2009 336 14  3  69.4
2009 336 15  0  69.4
2009 336 16  0  69.4
2009 336 17  0  69.4
2009 336 18  3  69.4
2009 336 19  3  69.4
2009 336 20  3  69.4
2009 336 21  0  69.4
2009 336 22  0  69.4
2009 336 23  0  69.4
2009 337  0  0  69.6
2009 337  1  0  69.6
2009 337  2  0  69.6
2009 337  3  0  69.6
2009 337  4  0  69.6
2009 337  5  0  69.6
2009 337  6  0  69.6
2009 337  7  0  69.6
2009 337  8  0  69.6
2009 337  9  0  69.6
2009 337 10  0  69.6
2009 337 11  0  69.6
2009 337 12  0  69.6
2009 337 13  0  69.6
2009 337 14  0  69.6
2009 337 15  0  69.6
2009 337 16  0  69.6
2009 337 17  0  69.6
2009 337 18  0  69.6
2009 337 19  0  69.6
2009 337 20  0  69.6
2009 337 21  0  69.6
2009 337 22  0  69.6
2009 337 23  0  69.6
2009 338  0  0  69.4
2009 338  1  0  69.4
2009 338  2  0  69.4
2009 338  3  0  69.4
2009 338  4  0  69.4
2009 338  5  0  69.4
2009 338  6  0  69.4
2009 338  7  0  69.4
2009 338  8  0  69.4
2009 338  9  0  69.4
2009 338 10  0  69.4
2009 338 11  0  69.4
2009 338 12  0  69.4
2009 338 13  0  69.4
2009 338 14  0  69.4
2009 338 15  0  69.4
2009 338 16  0  69.4
2009 338 17  0  69.4
2009 338 18  0  69.4
2009 338 19  0  69.4
2009 338 20  0  69.4
2009 338 21  0  69.4
2009 338 22  0  69.4
2009 338 23  0  69.4
2009 339  0  0  69.6
2009 339  1  0  69.6
2009 339  2  0  69.6
2009 339  3  0  69.6
2009 339  4  0  69.6
2009 339  5  0  69.6
2009 339  6 10  69.6
2009 339  7 10  69.6
2009 339  8 10  69.6
2009 339  9  7  69.6
2009 339 10  7  69.6
2009 339 11  7  69.6
2009 339 12  7  69.6
2009 339 13  7  69.6
2009 339 14  7  69.6
2009 339 15  7  69.6
2009 339 16  7  69.6
2009 339 17  7  69.6
2009 339 18 23  69.6
2009 339 19 23  69.6
2009 339 20 23  69.6
2009 339 21 20  69.6
2009 339 22 20  69.6
2009 339 23 20  69.6
2009 340  0 23  69.8
2009 340  1 23  69.8
2009 340  2 23  69.8
2009 340  3 17  69.8
2009 340  4 17  69.8
2009 340  5 17  69.8
2009 340  6  7  69.8
2009 340  7  7  69.8
2009 340  8  7  69.8
2009 340  9  3  69.8
2009 340 10  3  69.8
2009 340 11  3  69.8
2009 340 12  0  69.8
2009 340 13  0  69.8
2009 340 14  0  69.8
2009 340 15  0  69.8
2009 340 16  0  69.8
2009 340 17  0  69.8
2009 340 18  3  69.8
2009 340 19  3  69.8
2009 340 20  3  69.8
2009 340 21  3  69.8
2009 340 22  3  69.8
2009 340 23  3  69.8
2009 341  0 13  69.0
2009 341  1 13  69.0
2009 341  2 13  69.0
2009 341  3  0  69.0
2009 341  4  0  69.0
2009 341  5  0  69.0
2009 341  6  3  69.0
2009 341  7  3  69.0
2009 341  8  3  69.0
2009 341  9  3  69.0
2009 341 10  3  69.0
2009 341 11  3  69.0
2009 341 12 10  69.0
2009 341 13 10  69.0
2009 341 14 10  69.0
2009 341 15 10  69.0
2009 341 16 10  69.0
2009 341 17 10  69.0
2009 341 18 13  69.0
2009 341 19 13  69.0
2009 341 20 13  69.0
2009 341 21  3  69.0
2009 341 22  3  69.0
2009 341 23  3  69.0
2009 342  0  0  70.0
2009 342  1  0  70.0
2009 342  2  0  70.0
2009 342  3  0  70.0
2009 342  4  0  70.0
2009 342  5  0  70.0
2009 342  6  0  70.0
2009 342  7  0  70.0
2009 342  8  0  70.0
2009 342  9  0  70.0
2009 342 10  0  70.0
2009 342 11  0  70.0
2009 342 12  0  70.0
2009 342 13  0  70.0
2009 342 14  0  70.0
2009 342 15  3  70.0
2009 342 16  3  70.0
2009 342 17  3  70.0
2009 342 18  0  70.0
2009 342 19  0  70.0
2009 342 20  0  70.0
2009 342 21  3  70.0
2009 342 22  3  70.0
2009 342 23  3  70.0
2009 343  0  0  70.8
2009 343  1  0  70.8
2009 343  2  0  70.8
2009 343  3  0  70.8
2009 343  4  0  70.8
2009 343  5  0  70.8
2009 343  6  0  70.8
2009 343  7  0  70.8
2009 343  8  0  70.8
2009 343  9  3  70.8
2009 343 10  3  70.8
2009 343 11  3  70.8
2009 343 12  0  70.8
2009 343 13  0  70.8
2009 343 14  0  70.8
2009 343 15  0  70.8
2009 343 16  0  70.8
2009 343 17  0  70.8
2009 343 18  0  70.8
2009 343 19  0  70.8
2009 343 20  0  70.8
2009 343 21  0  70.8
2009 343 22  0  70.8
2009 343 23  0  70.8
2009 344  0  0  71.6
2009 344  1  0  71.6
2009 344  2  0  71.6
2009 344  3  0  71.6
2009 344  4  0  71.6
2009 344  5  0  71.6
2009 344  6  3  71.6
2009 344  7  3  71.6
2009 344  8  3  71.6
2009 344  9  3  71.6
2009 344 10  3  71.6
2009 344 11  3  71.6
2009 344 12  3  71.6
2009 344 13  3  71.6
2009 344 14  3  71.6
2009 344 15  3  71.6
2009 344 16  3  71.6
2009 344 17  3  71.6
2009 344 18  3  71.6
2009 344 19  3  71.6
2009 344 20  3  71.6
2009 344 21  0  71.6
2009 344 22  0  71.6
2009 344 23  0  71.6
2009 345  0  0  69.9
2009 345  1  0  69.9
2009 345  2  0  69.9
2009 345  3  0  69.9
2009 345  4  0  69.9
2009 345  5  0  69.9
2009 345  6  0  69.9
2009 345  7  0  69.9
2009 345  8  0  69.9
2009 345  9  0  69.9
2009 345 10  0  69.9
2009 345 11  0  69.9
2009 345 12  0  69.9
2009 345 13  0  69.9
2009 345 14  0  69.9
2009 345 15  0  69.9
2009 345 16  0  69.9
2009 345 17  0  69.9
2009 345 18  0  69.9
2009 345 19  0  69.9
2009 345 20  0  69.9
2009 345 21  0  69.9
2009 345 22  0  69.9
2009 345 23  0  69.9
2009 346  0  0  72.2
2009 346  1  0  72.2
2009 346  2  0  72.2
2009 346  3  0  72.2
2009 346  4  0  72.2
2009 346  5  0  72.2
2009 346  6  7  72.2
2009 346  7  7  72.2
2009 346  8  7  72.2
2009 346  9  3  72.2
2009 346 10  3  72.2
2009 346 11  3  72.2
2009 346 12  3  72.2
2009 346 13  3  72.2
2009 346 14  3  72.2
2009 346 15  7  72.2
2009 346 16  7  72.2
2009 346 17  7  72.2
2009 346 18 10  72.2
2009 346 19 10  72.2
2009 346 20 10  72.2
2009 346 21 10  72.2
2009 346 22 10  72.2
2009 346 23 10  72.2
2009 347  0  0  73.1
2009 347  1  0  73.1
2009 347  2  0  73.1
2009 347  3  0  73.1
2009 347  4  0  73.1
2009 347  5  0  73.1
2009 347  6  7  73.1
2009 347  7  7  73.1
2009 347  8  7  73.1
2009 347  9  7  73.1
2009 347 10  7  73.1
2009 347 11  7  73.1
2009 347 12 10  73.1
2009 347 13 10  73.1
2009 347 14 10  73.1
2009 347 15  3  73.1
2009 347 16  3  73.1
2009 347 17  3  73.1
2009 347 18  7  73.1
2009 347 19  7  73.1
2009 347 20  7  73.1
2009 347 21  7  73.1
2009 347 22  7  73.1
2009 347 23  7  73.1
2009 348  0 13  76.2
2009 348  1 13  76.2
2009 348  2 13  76.2
2009 348  3 30  76.2
2009 348  4 30  76.2
2009 348  5 30  76.2
2009 348  6 20  76.2
2009 348  7 20  76.2
2009 348  8 20  76.2
2009 348  9 13  76.2
2009 348 10 13  76.2
2009 348 11 13  76.2
2009 348 12  7  76.2
2009 348 13  7  76.2
2009 348 14  7  76.2
2009 348 15 10  76.2
2009 348 16 10  76.2
2009 348 17 10  76.2
2009 348 18  7  76.2
2009 348 19  7  76.2
2009 348 20  7  76.2
2009 348 21  3  76.2
2009 348 22  3  76.2
2009 348 23  3  76.2
2009 349  0  0  79.0
2009 349  1  0  79.0
2009 349  2  0  79.0
2009 349  3  0  79.0
2009 349  4  0  79.0
2009 349  5  0  79.0
2009 349  6  3  79.0
2009 349  7  3  79.0
2009 349  8  3  79.0
2009 349  9  0  79.0
2009 349 10  0  79.0
2009 349 11  0  79.0
2009 349 12  3  79.0
2009 349 13  3  79.0
2009 349 14  3  79.0
2009 349 15  0  79.0
2009 349 16  0  79.0
2009 349 17  0  79.0
2009 349 18  7  79.0
2009 349 19  7  79.0
2009 349 20  7  79.0
2009 349 21 10  79.0
2009 349 22 10  79.0
2009 349 23 10  79.0
2009 350  0 20  80.6
2009 350  1 20  80.6
2009 350  2 20  80.6
2009 350  3 17  80.6
2009 350  4 17  80.6
2009 350  5 17  80.6
2009 350  6  7  80.6
2009 350  7  7  80.6
2009 350  8  7  80.6
2009 350  9 10  80.6
2009 350 10 10  80.6
2009 350 11 10  80.6
2009 350 12 17  80.6
2009 350 13 17  80.6
2009 350 14 17  80.6
2009 350 15 17  80.6
2009 350 16 17  80.6
2009 350 17 17  80.6
2009 350 18  7  80.6
2009 350 19  7  80.6
2009 350 20  7  80.6
2009 350 21  3  80.6
2009 350 22  3  80.6
2009 350 23  3  80.6
2009 351  0  0  84.2
2009 351  1  0  84.2
2009 351  2  0  84.2
2009 351  3  3  84.2
2009 351  4  3  84.2
2009 351  5  3  84.2
2009 351  6  0  84.2
2009 351  7  0  84.2
2009 351  8  0  84.2
2009 351  9 10  84.2
2009 351 10 10  84.2
2009 351 11 10  84.2
2009 351 12 10  84.2
2009 351 13 10  84.2
2009 351 14 10  84.2
2009 351 15 10  84.2
2009 351 16 10  84.2
2009 351 17 10  84.2
2009 351 18  7  84.2
2009 351 19  7  84.2
2009 351 20  7  84.2
2009 351 21  3  84.2
2009 351 22  3  84.2
2009 351 23  3  84.2
2009 352  0  0  81.6
2009 352  1  0  81.6
2009 352  2  0  81.6
2009 352  3  0  81.6
2009 352  4  0  81.6
2009 352  5  0  81.6
2009 352  6 10  81.6
2009 352  7 10  81.6
2009 352  8 10  81.6
2009 352  9 17  81.6
2009 352 10 17  81.6
2009 352 11 17  81.6
2009 352 12 10  81.6
2009 352 13 10  81.6
2009 352 14 10  81.6
2009 352 15 13  81.6
2009 352 16 13  81.6
2009 352 17 13  81.6
2009 352 18  3  81.6
2009 352 19  3  81.6
2009 352 20  3  81.6
2009 352 21  0  81.6
2009 352 22  0  81.6
2009 352 23  0  81.6
2009 353  0  7  79.1
2009 353  1  7  79.1
2009 353  2  7  79.1
2009 353  3  3  79.1
2009 353  4  3  79.1
2009 353  5  3  79.1
2009 353  6  3  79.1
2009 353  7  3  79.1
2009 353  8  3  79.1
2009 353  9  7  79.1
2009 353 10  7  79.1
2009 353 11  7  79.1
2009 353 12  0  79.1
2009 353 13  0  79.1
2009 353 14  0  79.1
2009 353 15  0  79.1
2009 353 16  0  79.1
2009 353 17  0  79.1
2009 353 18  0  79.1
2009 353 19  0  79.1
2009 353 20  0  79.1
2009 353 21  3  79.1
2009 353 22  3  79.1
2009 353 23  3  79.1
2009 354  0  7  81.0
2009 354  1  7  81.0
2009 354  2  7  81.0
2009 354  3  0  81.0
2009 354  4  0  81.0
2009 354  5  0  81.0
2009 354  6  0  81.0
2009 354  7  0  81.0
2009 354  8  0  81.0
2009 354  9  7  81.0
2009 354 10  7  81.0
2009 354 11  7  81.0
2009 354 12  7  81.0
2009 354 13  7  81.0
2009 354 14  7  81.0
2009 354 15 13  81.0
2009 354 16 13  81.0
2009 354 17 13  81.0
2009 354 18  3  81.0
2009 354 19  3  81.0
2009 354 20  3  81.0
2009 354 21  0  81.0
2009 354 22  0  81.0
2009 354 23  0  81.0
2009 355  0 10  80.0
2009 355  1 10  80.0
2009 355  2 10  80.0
2009 355  3  7  80.0
2009 355  4  7  80.0
2009 355  5  7  80.0
2009 355  6  0  80.0
2009 355  7  0  80.0
2009 355  8  0  80.0
2009 355  9  3  80.0
2009 355 10  3  80.0
2009 355 11  3  80.0
2009 355 12  0  80.0
2009 355 13  0  80.0
2009 355 14  0  80.0
2009 355 15  3  80.0
2009 355 16  3  80.0
2009 355 17  3  80.0
2009 355 18 20  80.0
2009 355 19 20  80.0
2009 355 20 20  80.0
2009 355 21  7  80.0
2009 355 22  7  80.0
2009 355 23  7  80.0
2009 356  0  3  79.5
2009 356  1  3  79.5
2009 356  2  3  79.5
2009 356  3  0  79.5
2009 356  4  0  79.5
2009 356  5  0  79.5
2009 356  6  3  79.5
2009 356  7  3  79.5
2009 356  8  3  79.5
2009 356  9  3  79.5
2009 356 10  3  79.5
2009 356 11  3  79.5
2009 356 12  3  79.5
2009 356 13  3  79.5
2009 356 14  3  79.5
2009 356 15  7  79.5
2009 356 16  7  79.5
2009 356 17  7  79.5
2009 356 18 17  79.5
2009 356 19 17  79.5
2009 356 20 17  79.5
2009 356 21 13  79.5
2009 356 22 13  79.5
2009 356 23 13  79.5
2009 357  0  3  75.9
2009 357  1  3  75.9
2009 357  2  3  75.9
2009 357  3 10  75.9
2009 357  4 10  75.9
2009 357  5 10  75.9
2009 357  6 13  75.9
2009 357  7 13  75.9
2009 357  8 13  75.9
2009 357  9  7  75.9
2009 357 10  7  75.9
2009 357 11  7  75.9
2009 357 12  7  75.9
2009 357 13  7  75.9
2009 357 14  7  75.9
2009 357 15  7  75.9
2009 357 16  7  75.9
2009 357 17  7  75.9
2009 357 18  7  75.9
2009 357 19  7  75.9
2009 357 20  7  75.9
2009 357 21 13  75.9
2009 357 22 13  75.9
2009 357 23 13  75.9
2009 358  0  7  74.6
2009 358  1  7  74.6
2009 358  2  7  74.6
2009 358  3 10  74.6
2009 358  4 10  74.6
2009 358  5 10  74.6
2009 358  6  7  74.6
2009 358  7  7  74.6
2009 358  8  7  74.6
2009 358  9  3  74.6
2009 358 10  3  74.6
2009 358 11  3  74.6
2009 358 12  3  74.6
2009 358 13  3  74.6
2009 358 14  3  74.6
2009 358 15  3  74.6
2009 358 16  3  74.6
2009 358 17  3  74.6
2009 358 18  0  74.6
2009 358 19  0  74.6
2009 358 20  0  74.6
2009 358 21  3  74.6
2009 358 22  3  74.6
2009 358 23  3  74.6
2009 359  0  0  73.5
2009 359  1  0  73.5
2009 359  2  0  73.5
2009 359  3  0  73.5
2009 359  4  0  73.5
2009 359  5  0  73.5
2009 359  6  3  73.5
2009 359  7  3  73.5
2009 359  8  3  73.5
2009 359  9  3  73.5
2009 359 10  3  73.5
2009 359 11  3  73.5
2009 359 12 10  73.5
2009 359 13 10  73.5
2009 359 14 10  73.5
2009 359 15 10  73.5
2009 359 16 10  73.5
2009 359 17 10  73.5
2009 359 18 20  73.5
2009 359 19 20  73.5
2009 359 20 20  73.5
2009 359 21 23  73.5
2009 359 22 23  73.5
2009 359 23 23  73.5
2009 360  0 17  73.4
2009 360  1 17  73.4
2009 360  2 17  73.4
2009 360  3 20  73.4
2009 360  4 20  73.4
2009 360  5 20  73.4
2009 360  6 10  73.4
2009 360  7 10  73.4
2009 360  8 10  73.4
2009 360  9  7  73.4
2009 360 10  7  73.4
2009 360 11  7  73.4
2009 360 12  3  73.4
2009 360 13  3  73.4
2009 360 14  3  73.4
2009 360 15 17  73.4
2009 360 16 17  73.4
2009 360 17 17  73.4
2009 360 18  3  73.4
2009 360 19  3  73.4
2009 360 20  3  73.4
2009 360 21  0  73.4
2009 360 22  0  73.4
2009 360 23  0  73.4
2009 361  0  0  74.3
2009 361  1  0  74.3
2009 361  2  0  74.3
2009 361  3  3  74.3
2009 361  4  3  74.3
2009 361  5  3  74.3
2009 361  6  3  74.3
2009 361  7  3  74.3
2009 361  8  3  74.3
2009 361  9 10  74.3
2009 361 10 10  74.3
2009 361 11 10  74.3
2009 361 12 13  74.3
2009 361 13 13  74.3
2009 361 14 13  74.3
2009 361 15 10  74.3
2009 361 16 10  74.3
2009 361 17 10  74.3
2009 361 18  3  74.3
2009 361 19  3  74.3
2009 361 20  3  74.3
2009 361 21  0  74.3
2009 361 22  0  74.3
2009 361 23  0  74.3
2009 362  0  0  73.3
2009 362  1  0  73.3
2009 362  2  0  73.3
2009 362  3  0  73.3
2009 362  4  0  73.3
2009 362  5  0  73.3
2009 362  6  0  73.3
2009 362  7  0  73.3
2009 362  8  0  73.3
2009 362  9  7  73.3
2009 362 10  7  73.3
2009 362 11  7  73.3
2009 362 12  0  73.3
2009 362 13  0  73.3
2009 362 14  0  73.3
2009 362 15  7  73.3
2009 362 16  7  73.3
2009 362 17  7  73.3
2009 362 18  3  73.3
2009 362 19  3  73.3
2009 362 20  3  73.3
2009 362 21  0  73.3
2009 362 22  0  73.3
2009 362 23  0  73.3
2009 363  0  0  72.7
2009 363  1  0  72.7
2009 363  2  0  72.7
2009 363  3  0  72.7
2009 363  4  0  72.7
2009 363  5  0  72.7
2009 363  6  3  72.7
2009 363  7  3  72.7
2009 363  8  3  72.7
2009 363  9  0  72.7
2009 363 10  0  72.7
2009 363 11  0  72.7
2009 363 12  0  72.7
2009 363 13  0  72.7
2009 363 14  0  72.7
2009 363 15  0  72.7
2009 363 16  0  72.7
2009 363 17  0  72.7
2009 363 18  0  72.7
2009 363 19  0  72.7
2009 363 20  0  72.7
2009 363 21  0  72.7
2009 363 22  0  72.7
2009 363 23  0  72.7
2009 364  0  0  74.3
2009 364  1  0  74.3
2009 364  2  0  74.3
2009 364  3  0  74.3
2009 364  4  0  74.3
2009 364  5  0  74.3
2009 364  6  0  74.3
2009 364  7  0  74.3
2009 364  8  0  74.3
2009 364  9  0  74.3
2009 364 10  0  74.3
2009 364 11  0  74.3
2009 364 12  0  74.3
2009 364 13  0  74.3
2009 364 14  0  74.3
2009 364 15  0  74.3
2009 364 16  0  74.3
2009 364 17  0  74.3
2009 364 18  0  74.3
2009 364 19  0  74.3
2009 364 20  0  74.3
2009 364 21  0  74.3
2009 364 22  0  74.3
2009 364 23  0  74.3
2009 365  0  0  77.2
2009 365  1  0  77.2
2009 365  2  0  77.2
2009 365  3  0  77.2
2009 365  4  0  77.2
2009 365  5  0  77.2
2009 365  6  0  77.2
2009 365  7  0  77.2
2009 365  8  0  77.2
2009 365  9  0  77.2
2009 365 10  0  77.2
2009 365 11  0  77.2
2009 365 12  3  77.2
2009 365 13  3  77.2
2009 365 14  3  77.2
2009 365 15  0  77.2
2009 365 16  0  77.2
2009 365 17  0  77.2
2009 365 18  0  77.2
2009 365 19  0  77.2
2009 365 20  0  77.2
2009 365 21  0  77.2
2009 365 22  0  77.2
2009 365 23  0  77.2
2010   1  0  0  72.7
2010   1  1  0  72.7
2010   1  2  0  72.7
2010   1  3  0  72.7
2010   1  4  0  72.7
2010   1  5  0  72.7
2010   1  6  0  72.7
2010   1  7  0  72.7
2010   1  8  0  72.7
2010   1  9  0  72.7
2010   1 10  0  72.7
2010   1 11  0  72.7
2010   1 12  0  72.7
2010   1 13  0  72.7
2010   1 14  0  72.7
2010   1 15  0  72.7
2010   1 16  0  72.7
2010   1 17  0  72.7
2010   1 18  0  72.7
2010   1 19  0  72.7
2010   1 20  0  72.7
2010   1 21 10  72.7
2010   1 22 10  72.7
2010   1 23 10  72.7
2010   2  0  0  75.4
2010   2  1  0  75.4
2010   2  2  0  75.4
2010   2  3  0  75.4
2010   2  4  0  75.4
2010   2  5  0  75.4
2010   2  6  3  75.4
2010   2  7  3  75.4
2010   2  8  3  75.4
2010   2  9  3  75.4
2010   2 10  3  75.4
2010   2 11  3  75.4
2010   2 12  0  75.4
2010   2 13  0  75.4
2010   2 14  0  75.4
2010   2 15  3  75.4
2010   2 16  3  75.4
2010   2 17  3  75.4
2010   2 18  3  75.4
2010   2 19  3  75.4
2010   2 20  3  75.4
2010   2 21  3  75.4
2010   2 22  3  75.4
2010   2 23  3  75.4
2010   3  0  3  73.8
2010   3  1  3  73.8
2010   3  2  3  73.8
2010   3  3 13  73.8
2010   3  4 13  73.8
2010   3  5 13  73.8
2010   3  6  7  73.8
2010   3  7  7  73.8
2010   3  8  7  73.8
2010   3  9 20  73.8
2010   3 10 20  73.8
2010   3 11 20  73.8
2010   3 12 17  73.8
2010   3 13 17  73.8
2010   3 14 17  73.8
2010   3 15  7  73.8
2010   3 16  7  73.8
2010   3 17  7  73.8
2010   3 18  0  73.8
2010   3 19  0  73.8
2010   3 20  0  73.8
2010   3 21  3  73.8
2010   3 22  3  73.8
2010   3 23  3  73.8
2010   4  0  3  70.6
2010   4  1  3  70.6
2010   4  2  3  70.6
2010   4  3  0  70.6
2010   4  4  0  70.6
2010   4  5  0  70.6
2010   4  6 13  70.6
2010   4  7 13  70.6
2010   4  8 13  70.6
2010   4  9 10  70.6
2010   4 10 10  70.6
2010   4 11 10  70.6
2010   4 12  3  70.6
2010   4 13  3  70.6
2010   4 14  3  70.6
2010   4 15  0  70.6
2010   4 16  0  70.6
2010   4 17  0  70.6
2010   4 18  3  70.6
2010   4 19  3  70.6
2010   4 20  3  70.6
2010   4 21  0  70.6
2010   4 22  0  70.6
2010   4 23  0  70.6
2010   5  0  0  74.3
2010   5  1  0  74.3
2010   5  2  0  74.3
2010   5  3  0  74.3
2010   5  4  0  74.3
2010   5  5  0  74.3
2010   5  6  0  74.3
2010   5  7  0  74.3
2010   5  8  0  74.3
2010   5  9  0  74.3
2010   5 10  0  74.3
2010   5 11  0  74.3
2010   5 12  7  74.3
2010   5 13  7  74.3
2010   5 14  7  74.3
2010   5 15 10  74.3
2010   5 16 10  74.3
2010   5 17 10  74.3
2010   5 18  3  74.3
2010   5 19  3  74.3
2010   5 20  3  74.3
2010   5 21  0  74.3
2010   5 22  0  74.3
2010   5 23  0  74.3
2010   6  0  7  74.7
2010   6  1  7  74.7
2010   6  2  7  74.7
2010   6  3  3  74.7
2010   6  4  3  74.7
2010   6  5  3  74.7
2010   6  6  3  74.7
2010   6  7  3  74.7
2010   6  8  3  74.7
2010   6  9  3  74.7
2010   6 10  3  74.7
2010   6 11  3  74.7
2010   6 12  0  74.7
2010   6 13  0  74.7
2010   6 14  0  74.7
2010   6 15  0  74.7
2010   6 16  0  74.7
2010   6 17  0  74.7
2010   6 18  0  74.7
2010   6 19  0  74.7
2010   6 20  0  74.7
2010   6 21  0  74.7
2010   6 22  0  74.7
2010   6 23  0  74.7
2010   7  0  0  75.5
2010   7  1  0  75.5
2010   7  2  0  75.5
2010   7  3  0  75.5
2010   7  4  0  75.5
2010   7  5  0  75.5
2010   7  6  0  75.5
2010   7  7  0  75.5
2010   7  8  0  75.5
2010   7  9  0  75.5
2010   7 10  0  75.5
2010   7 11  0  75.5
2010   7 12  0  75.5
2010   7 13  0  75.5
2010   7 14  0  75.5
2010   7 15  0  75.5
2010   7 16  0  75.5
2010   7 17  0  75.5
2010   7 18  7  75.5
2010   7 19  7  75.5
2010   7 20  7  75.5
2010   7 21  0  75.5
2010   7 22  0  75.5
2010   7 23  0  75.5
2010   8  0  7  74.9
2010   8  1  7  74.9
2010   8  2  7  74.9
2010   8  3  0  74.9
2010   8  4  0  74.9
2010   8  5  0  74.9
2010   8  6  3  74.9
2010   8  7  3  74.9
2010   8  8  3  74.9
2010   8  9  0  74.9
2010   8 10  0  74.9
2010   8 11  0  74.9
2010   8 12  0  74.9
2010   8 13  0  74.9
2010   8 14  0  74.9
2010   8 15  3  74.9
2010   8 16  3  74.9
2010   8 17  3  74.9
2010   8 18  0  74.9
2010   8 19  0  74.9
2010   8 20  0  74.9
2010   8 21  0  74.9
2010   8 22  0  74.9
2010   8 23  0  74.9
2010   9  0  0  79.0
2010   9  1  0  79.0
2010   9  2  0  79.0
2010   9  3  0  79.0
2010   9  4  0  79.0
2010   9  5  0  79.0
2010   9  6  0  79.0
2010   9  7  0  79.0
2010   9  8  0  79.0
2010   9  9  3  79.0
2010   9 10  3  79.0
2010   9 11  3  79.0
2010   9 12  3  79.0
2010   9 13  3  79.0
2010   9 14  3  79.0
2010   9 15  3  79.0
2010   9 16  3  79.0
2010   9 17  3  79.0
2010   9 18  0  79.0
2010   9 19  0  79.0
2010   9 20  0  79.0
2010   9 21  3  79.0
2010   9 22  3  79.0
2010   9 23  3  79.0
2010  10  0  0  81.6
2010  10  1  0  81.6
2010  10  2  0  81.6
2010  10  3  0  81.6
2010  10  4  0  81.6
2010  10  5  0  81.6
2010  10  6  7  81.6
2010  10  7  7  81.6
2010  10  8  7  81.6
2010  10  9 10  81.6
2010  10 10 10  81.6
2010  10 11 10  81.6
2010  10 12 13  81.6
2010  10 13 13  81.6
2010  10 14 13  81.6
2010  10 15 17  81.6
2010  10 16 17  81.6
2010  10 17 17  81.6
2010  10 18  7  81.6
2010  10 19  7  81.6
2010  10 20  7  81.6
2010  10 21  0  81.6
2010  10 22  0  81.6
2010  10 23  0  81.6
2010  11  0  7  86.3
2010  11  1  7  86.3
2010  11  2  7  86.3
2010  11  3 17  86.3
2010  11  4 17  86.3
2010  11  5 17  86.3
2010  11  6 23  86.3
2010  11  7 23  86.3
2010  11  8 23  86.3
2010  11  9 23  86.3
2010  11 10 23  86.3
2010  11 11 23  86.3
2010  11 12 23  86.3
2010  11 13 23  86.3
2010  11 14 23  86.3
2010  11 15 17  86.3
2010  11 16 17  86.3
2010  11 17 17  86.3
2010  11 18 10  86.3
2010  11 19 10  86.3
2010  11 20 10  86.3
2010  11 21 10  86.3
2010  11 22 10  86.3
2010  11 23 10  86.3
2010  12  0 13  90.2
2010  12  1 13  90.2
2010  12  2 13  90.2
2010  12  3 20  90.2
2010  12  4 20  90.2
2010  12  5 20  90.2
2010  12  6  7  90.2
2010  12  7  7  90.2
2010  12  8  7  90.2
2010  12  9  3  90.2
2010  12 10  3  90.2
2010  12 11  3  90.2
2010  12 12  0  90.2
2010  12 13  0  90.2
2010  12 14  0  90.2
2010  12 15  0  90.2
2010  12 16  0  90.2
2010  12 17  0  90.2
2010  12 18 17  90.2
2010  12 19 17  90.2
2010  12 20 17  90.2
2010  12 21 17  90.2
2010  12 22 17  90.2
2010  12 23 17  90.2
2010  13  0 30  87.5
2010  13  1 30  87.5
2010  13  2 30  87.5
2010  13  3 23  87.5
2010  13  4 23  87.5
2010  13  5 23  87.5
2010  13  6 13  87.5
2010  13  7 13  87.5
2010  13  8 13  87.5
2010  13  9  7  87.5
2010  13 10  7  87.5
2010  13 11  7  87.5
2010  13 12 10  87.5
2010  13 13 10  87.5
2010  13 14 10  87.5
2010  13 15 17  87.5
2010  13 16 17  87.5
2010  13 17 17  87.5
2010  13 18 13  87.5
2010  13 19 13  87.5
2010  13 20 13  87.5
2010  13 21 23  87.5
2010  13 22 23  87.5
2010  13 23 23  87.5
2010  14  0 17  87.0
2010  14  1 17  87.0
2010  14  2 17  87.0
2010  14  3 17  87.0
2010  14  4 17  87.0
2010  14  5 17  87.0
2010  14  6  0  87.0
2010  14  7  0  87.0
2010  14  8  0  87.0
2010  14  9 13  87.0
2010  14 10 13  87.0
2010  14 11 13  87.0
2010  14 12 13  87.0
2010  14 13 13  87.0
2010  14 14 13  87.0
2010  14 15  7  87.0
2010  14 16  7  87.0
2010  14 17  7  87.0
2010  14 18 13  87.0
2010  14 19 13  87.0
2010  14 20 13  87.0
2010  14 21  7  87.0
2010  14 22  7  87.0
2010  14 23  7  87.0
2010  15  0 10  82.6
2010  15  1 10  82.6
2010  15  2 10  82.6
2010  15  3  3  82.6
2010  15  4  3  82.6
2010  15  5  3  82.6
2010  15  6  3  82.6
2010  15  7  3  82.6
2010  15  8  3  82.6
2010  15  9  3  82.6
2010  15 10  3  82.6
2010  15 11  3  82.6
2010  15 12  3  82.6
2010  15 13  3  82.6
2010  15 14  3  82.6
2010  15 15 10  82.6
2010  15 16 10  82.6
2010  15 17 10  82.6
2010  15 18 20  82.6
2010  15 19 20  82.6
2010  15 20 20  82.6
2010  15 21 23  82.6
2010  15 22 23  82.6
2010  15 23 23  82.6
2010  16  0  3  81.4
2010  16  1  3  81.4
2010  16  2  3  81.4
2010  16  3  0  81.4
2010  16  4  0  81.4
2010  16  5  0  81.4
2010  16  6  0  81.4
2010  16  7  0  81.4
2010  16  8  0  81.4
2010  16  9  7  81.4
2010  16 10  7  81.4
2010  16 11  7  81.4
2010  16 12  3  81.4
2010  16 13  3  81.4
2010  16 14  3  81.4
2010  16 15  0  81.4
2010  16 16  0  81.4
2010  16 17  0  81.4
2010  16 18  0  81.4
2010  16 19  0  81.4
2010  16 20  0  81.4
2010  16 21  3  81.4
2010  16 22  3  81.4
2010  16 23  3  81.4
2010  17  0  0  79.9
2010  17  1  0  79.9
2010  17  2  0  79.9
2010  17  3  3  79.9
2010  17  4  3  79.9
2010  17  5  3  79.9
2010  17  6  0  79.9
2010  17  7  0  79.9
2010  17  8  0  79.9
2010  17  9  3  79.9
2010  17 10  3  79.9
2010  17 11  3  79.9
2010  17 12  3  79.9
2010  17 13  3  79.9
2010  17 14  3  79.9
2010  17 15  0  79.9
2010  17 16  0  79.9
2010  17 17  0  79.9
2010  17 18  0  79.9
2010  17 19  0  79.9
2010  17 20  0  79.9
2010  17 21  0  79.9
2010  17 22  0  79.9
2010  17 23  0  79.9
2010  18  0  0  78.9
2010  18  1  0  78.9
2010  18  2  0  78.9
2010  18  3 10  78.9
2010  18  4 10  78.9
2010  18  5 10  78.9
2010  18  6  3  78.9
2010  18  7  3  78.9
2010  18  8  3  78.9
2010  18  9  3  78.9
2010  18 10  3  78.9
2010  18 11  3  78.9
2010  18 12  7  78.9
2010  18 13  7  78.9
2010  18 14  7  78.9
2010  18 15 13  78.9
2010  18 16 13  78.9
2010  18 17 13  78.9
2010  18 18  7  78.9
2010  18 19  7  78.9
2010  18 20  7  78.9
2010  18 21  7  78.9
2010  18 22  7  78.9
2010  18 23  7  78.9
2010  19  0  7  81.6
2010  19  1  7  81.6
2010  19  2  7  81.6
2010  19  3  0  81.6
2010  19  4  0  81.6
2010  19  5  0  81.6
2010  19  6  0  81.6
2010  19  7  0  81.6
2010  19  8  0  81.6
2010  19  9  0  81.6
2010  19 10  0  81.6
2010  19 11  0  81.6
2010  19 12  3  81.6
2010  19 13  3  81.6
2010  19 14  3  81.6
2010  19 15  3  81.6
2010  19 16  3  81.6
2010  19 17  3  81.6
2010  19 18  0  81.6
2010  19 19  0  81.6
2010  19 20  0  81.6
2010  19 21  3  81.6
2010  19 22  3  81.6
2010  19 23  3  81.6
2010  20  0  7  79.1
2010  20  1  7  79.1
2010  20  2  7  79.1
2010  20  3  0  79.1
2010  20  4  0  79.1
2010  20  5  0  79.1
2010  20  6 13  79.1
2010  20  7 13  79.1
2010  20  8 13  79.1
2010  20  9  7  79.1
2010  20 10  7  79.1
2010  20 11  7  79.1
2010  20 12 23  79.1
2010  20 13 23  79.1
2010  20 14 23  79.1
2010  20 15 40  79.1
2010  20 16 40  79.1
2010  20 17 40  79.1
2010  20 18 40  79.1
2010  20 19 40  79.1
2010  20 20 40  79.1
2010  20 21 37  79.1
2010  20 22 37  79.1
2010  20 23 37  79.1
2010  21  0 20  80.0
2010  21  1 20  80.0
2010  21  2 20  80.0
2010  21  3 27  80.0
2010  21  4 27  80.0
2010  21  5 27  80.0
2010  21  6 23  80.0
2010  21  7 23  80.0
2010  21  8 23  80.0
2010  21  9 10  80.0
2010  21 10 10  80.0
2010  21 11 10  80.0
2010  21 12 10  80.0
2010  21 13 10  80.0
2010  21 14 10  80.0
2010  21 15  3  80.0
2010  21 16  3  80.0
2010  21 17  3  80.0
2010  21 18  0  80.0
2010  21 19  0  80.0
2010  21 20  0  80.0
2010  21 21  3  80.0
2010  21 22  3  80.0
2010  21 23  3  80.0
2010  22  0 10  79.8
2010  22  1 10  79.8
2010  22  2 10  79.8
2010  22  3 17  79.8
2010  22  4 17  79.8
2010  22  5 17  79.8
2010  22  6  0  79.8
2010  22  7  0  79.8
2010  22  8  0  79.8
2010  22  9  7  79.8
2010  22 10  7  79.8
2010  22 11  7  79.8
2010  22 12  7  79.8
2010  22 13  7  79.8
2010  22 14  7  79.8
2010  22 15  3  79.8
2010  22 16  3  79.8
2010  22 17  3  79.8
2010  22 18  7  79.8
2010  22 19  7  79.8
2010  22 20  7  79.8
2010  22 21 10  79.8
2010  22 22 10  79.8
2010  22 23 10  79.8
2010  23  0 23  82.0
2010  23  1 23  82.0
2010  23  2 23  82.0
2010  23  3 13  82.0
2010  23  4 13  82.0
2010  23  5 13  82.0
2010  23  6 10  82.0
2010  23  7 10  82.0
2010  23  8 10  82.0
2010  23  9 20  82.0
2010  23 10 20  82.0
2010  23 11 20  82.0
2010  23 12 17  82.0
2010  23 13 17  82.0
2010  23 14 17  82.0
2010  23 15  3  82.0
2010  23 16  3  82.0
2010  23 17  3  82.0
2010  23 18  3  82.0
2010  23 19  3  82.0
2010  23 20  3  82.0
2010  23 21 10  82.0
2010  23 22 10  82.0
2010  23 23 10  82.0
2010  24  0 10  81.9
2010  24  1 10  81.9
2010  24  2 10  81.9
2010  24  3 13  81.9
2010  24  4 13  81.9
2010  24  5 13  81.9
2010  24  6 13  81.9
2010  24  7 13  81.9
2010  24  8 13  81.9
2010  24  9 17  81.9
2010  24 10 17  81.9
2010  24 11 17  81.9
2010  24 12 13  81.9
2010  24 13 13  81.9
2010  24 14 13  81.9
2010  24 15 10  81.9
2010  24 16 10  81.9
2010  24 17 10  81.9
2010  24 18  7  81.9
2010  24 19  7  81.9
2010  24 20  7  81.9
2010  24 21  3  81.9
2010  24 22  3  81.9
2010  24 23  3  81.9
2010  25  0  7  78.7
2010  25  1  7  78.7
2010  25  2  7  78.7
2010  25  3  7  78.7
2010  25  4  7  78.7
2010  25  5  7  78.7
2010  25  6 13  78.7
2010  25  7 13  78.7
2010  25  8 13  78.7
2010  25  9  3  78.7
2010  25 10  3  78.7
2010  25 11  3  78.7
2010  25 12 13  78.7
2010  25 13 13  78.7
2010  25 14 13  78.7
2010  25 15  0  78.7
2010  25 16  0  78.7
2010  25 17  0  78.7
2010  25 18  3  78.7
2010  25 19  3  78.7
2010  25 20  3  78.7
2010  25 21 13  78.7
2010  25 22 13  78.7
2010  25 23 13  78.7
2010  26  0 20  77.3
2010  26  1 20  77.3
2010  26  2 20  77.3
2010  26  3 13  77.3
2010  26  4 13  77.3
2010  26  5 13  77.3
2010  26  6  3  77.3
2010  26  7  3  77.3
2010  26  8  3  77.3
2010  26  9  3  77.3
2010  26 10  3  77.3
2010  26 11  3  77.3
2010  26 12  3  77.3
2010  26 13  3  77.3
2010  26 14  3  77.3
2010  26 15  3  77.3
2010  26 16  3  77.3
2010  26 17  3  77.3
2010  26 18  7  77.3
2010  26 19  7  77.3
2010  26 20  7  77.3
2010  26 21  7  77.3
2010  26 22  7  77.3
2010  26 23  7  77.3
2010  27  0  0  75.4
2010  27  1  0  75.4
2010  27  2  0  75.4
2010  27  3  0  75.4
2010  27  4  0  75.4
2010  27  5  0  75.4
2010  27  6  3  75.4
2010  27  7  3  75.4
2010  27  8  3  75.4
2010  27  9  3  75.4
2010  27 10  3  75.4
2010  27 11  3  75.4
2010  27 12  0  75.4
2010  27 13  0  75.4
2010  27 14  0  75.4
2010  27 15  0  75.4
2010  27 16  0  75.4
2010  27 17  0  75.4
2010  27 18  0  75.4
2010  27 19  0  75.4
2010  27 20  0  75.4
2010  27 21  7  75.4
2010  27 22  7  75.4
2010  27 23  7  75.4
2010  28  0  7  74.0
2010  28  1  7  74.0
2010  28  2  7  74.0
2010  28  3  3  74.0
2010  28  4  3  74.0
2010  28  5  3  74.0
2010  28  6  0  74.0
2010  28  7  0  74.0
2010  28  8  0  74.0
2010  28  9  3  74.0
2010  28 10  3  74.0
2010  28 11  3  74.0
2010  28 12 10  74.0
2010  28 13 10  74.0
2010  28 14 10  74.0
2010  28 15 13  74.0
2010  28 16 13  74.0
2010  28 17 13  74.0
2010  28 18 17  74.0
2010  28 19 17  74.0
2010  28 20 17  74.0
2010  28 21  3  74.0
2010  28 22  3  74.0
2010  28 23  3  74.0
2010  29  0  7  71.1
2010  29  1  7  71.1
2010  29  2  7  71.1
2010  29  3  3  71.1
2010  29  4  3  71.1
2010  29  5  3  71.1
2010  29  6  0  71.1
2010  29  7  0  71.1
2010  29  8  0  71.1
2010  29  9  7  71.1
2010  29 10  7  71.1
2010  29 11  7  71.1
2010  29 12  0  71.1
2010  29 13  0  71.1
2010  29 14  0  71.1
2010  29 15  0  71.1
2010  29 16  0  71.1
2010  29 17  0  71.1
2010  29 18  0  71.1
2010  29 19  0  71.1
2010  29 20  0  71.1
2010  29 21  7  71.1
2010  29 22  7  71.1
2010  29 23  7  71.1
2010  30  0 20  72.8
2010  30  1 20  72.8
2010  30  2 20  72.8
2010  30  3 20  72.8
2010  30  4 20  72.8
2010  30  5 20  72.8
2010  30  6 10  72.8
2010  30  7 10  72.8
2010  30  8 10  72.8
2010  30  9  3  72.8
2010  30 10  3  72.8
2010  30 11  3  72.8
2010  30 12 10  72.8
2010  30 13 10  72.8
2010  30 14 10  72.8
2010  30 15 10  72.8
2010  30 16 10  72.8
2010  30 17 10  72.8
2010  30 18 13  72.8
2010  30 19 13  72.8
2010  30 20 13  72.8
2010  30 21 20  72.8
2010  30 22 20  72.8
2010  30 23 20  72.8
2010  31  0 23  73.0
2010  31  1 23  73.0
2010  31  2 23  73.0
2010  31  3 10  73.0
2010  31  4 10  73.0
2010  31  5 10  73.0
2010  31  6  3  73.0
2010  31  7  3  73.0
2010  31  8  3  73.0
2010  31  9  7  73.0
2010  31 10  7  73.0
2010  31 11  7  73.0
2010  31 12 10  73.0
2010  31 13 10  73.0
2010  31 14 10  73.0
2010  31 15  7  73.0
2010  31 16  7  73.0
2010  31 17  7  73.0
2010  31 18 13  73.0
2010  31 19 13  73.0
2010  31 20 13  73.0
2010  31 21 10  73.0
2010  31 22 10  73.0
2010  31 23 10  73.0
