Year  DOY  Hour  Kp  F10.7
2019 151  0 17
2019 151  1 17
2019 151  2 17
2019 151  3 13
2019 151  4 13
2019 151  5 13
2019 151  6 13
2019 151  7 13
2019 151  8 13
2019 151  9  7
2019 151 10  7
2019 151 11  7
2019 151 12  3
2019 151 13  3
2019 151 14  3
2019 151 15  3
2019 151 16  3
2019 151 17  3
2019 151 18  7
2019 151 19  7
2019 151 20  7
2019 151 21  3
2019 151 22  3
2019 151 23  3
2019 152  0  7
2019 152  1  7
2019 152  2  7
2019 152  3  3
2019 152  4  3
2019 152  5  3
2019 152  6  7
2019 152  7  7
2019 152  8  7
2019 152  9  7
2019 152 10  7
2019 152 11  7
2019 152 12  3
2019 152 13  3
2019 152 14  3
2019 152 15  3
2019 152 16  3
2019 152 17  3
2019 152 18 10
2019 152 19 10
2019 152 20 10
2019 152 21  7
2019 152 22  7
2019 152 23  7
2019 153  0 20
2019 153  1 20
2019 153  2 20
2019 153  3  3
2019 153  4  3
2019 153  5  3
2019 153  6  3
2019 153  7  3
2019 153  8  3
2019 153  9  3
2019 153 10  3
2019 153 11  3
2019 153 12  3
2019 153 13  3
2019 153 14  3
2019 153 15  3
2019 153 16  3
2019 153 17  3
2019 153 18  3
2019 153 19  3
2019 153 20  3
2019 153 21 10
2019 153 22 10
2019 153 23 10
2019 154  0  3
2019 154  1  3
2019 154  2  3
2019 154  3  0
2019 154  4  0
2019 154  5  0
2019 154  6  3
2019 154  7  3
2019 154  8  3
2019 154  9 13
2019 154 10 13
2019 154 11 13
2019 154 12 13
2019 154 13 13
2019 154 14 13
2019 154 15 13
2019 154 16 13
2019 154 17 13
2019 154 18  7
2019 154 19  7
2019 154 20  7
2019 154 21  7
2019 154 22  7
2019 154 23  7
2019 155  0 13
2019 155  1 13
2019 155  2 13
2019 155  3 13
2019 155  4 13
2019 155  5 13
2019 155  6 13
2019 155  7 13
2019 155  8 13
2019 155  9 10
2019 155 10 10
2019 155 11 10
2019 155 12 17
2019 155 13 17
2019 155 14 17
2019 155 15 23
2019 155 16 23
2019 155 17 23
2019 155 18 23
2019 155 19 23
2019 155 20 23
2019 155 21 20
2019 155 22 20
2019 155 23 20
2019 156  0 23
2019 156  1 23
2019 156  2 23
2019 156  3  7
2019 156  4  7
2019 156  5  7
2019 156  6  7
2019 156  7  7
2019 156  8  7
2019 156  9  3
2019 156 10  3
2019 156 11  3
2019 156 12  3
2019 156 13  3
2019 156 14  3
2019 156 15  7
2019 156 16  7
2019 156 17  7
2019 156 18 10
2019 156 19 10
2019 156 20 10
2019 156 21  7
2019 156 22  7
2019 156 23  7
2019 157  0  7
2019 157  1  7
2019 157  2  7
2019 157  3  7
2019 157  4  7
2019 157  5  7
2019 157  6  7
2019 157  7  7
2019 157  8  7
2019 157  9  3
2019 157 10  3
2019 157 11  3
2019 157 12  3
2019 157 13  3
2019 157 14  3
2019 157 15  0
2019 157 16  0
2019 157 17  0
2019 157 18  3
2019 157 19  3
2019 157 20  3
2019 157 21  0
2019 157 22  0
2019 157 23  0
2019 158  0  3
2019 158  1  3
2019 158  2  3
2019 158  3  3
2019 158  4  3
2019 158  5  3
2019 158  6 10
2019 158  7 10
2019 158  8 10
2019 158  9  7
2019 158 10  7
2019 158 11  7
2019 158 12 13
2019 158 13 13
2019 158 14 13
2019 158 15 13
2019 158 16 13
2019 158 17 13
2019 158 18 10
2019 158 19 10
2019 158 20 10
2019 158 21  7
2019 158 22  7
2019 158 23  7
2019 159  0  7
2019 159  1  7
2019 159  2  7
2019 159  3  7
2019 159  4  7
2019 159  5  7
2019 159  6  7
2019 159  7  7
2019 159  8  7
2019 159  9 17
2019 159 10 17
2019 159 11 17
2019 159 12 33
2019 159 13 33
2019 159 14 33
2019 159 15 50
2019 159 16 50
2019 159 17 50
2019 159 18 53
2019 159 19 53
2019 159 20 53
2019 159 21 37
2019 159 22 37
2019 159 23 37
2019 160  0 30
2019 160  1 30
2019 160  2 30
2019 160  3 17
2019 160  4 17
2019 160  5 17
2019 160  6 13
2019 160  7 13
2019 160  8 13
2019 160  9 10
2019 160 10 10
2019 160 11 10
2019 160 12 10
2019 160 13 10
2019 160 14 10
2019 160 15 10
2019 160 16 10
2019 160 17 10
2019 160 18 10
2019 160 19 10
2019 160 20 10
2019 160 21 13
2019 160 22 13
2019 160 23 13
2019 161  0  3
2019 161  1  3
2019 161  2  3
2019 161  3  3
2019 161  4  3
2019 161  5  3
2019 161  6  0
2019 161  7  0
2019 161  8  0
2019 161  9  3
2019 161 10  3
2019 161 11  3
2019 161 12  7
2019 161 13  7
2019 161 14  7
2019 161 15  7
2019 161 16  7
2019 161 17  7
2019 161 18  7
2019 161 19  7
2019 161 20  7
2019 161 21  7
2019 161 22  7
2019 161 23  7
2019 162  0  7
2019 162  1  7
2019 162  2  7
2019 162  3  7
2019 162  4  7
2019 162  5  7
2019 162  6  3
2019 162  7  3
2019 162  8  3
2019 162  9  3
2019 162 10  3
2019 162 11  3
2019 162 12  3
2019 162 13  3
2019 162 14  3
2019 162 15  3
2019 162 16  3
2019 162 17  3
2019 162 18  3
2019 162 19  3
2019 162 20  3
2019 162 21  3
2019 162 22  3
2019 162 23  3
2019 163  0 10
2019 163  1 10
2019 163  2 10
2019 163  3  7
2019 163  4  7
2019 163  5  7
2019 163  6  7
2019 163  7  7
2019 163  8  7
2019 163  9  3
2019 163 10  3
2019 163 11  3
2019 163 12 13
2019 163 13 13
2019 163 14 13
2019 163 15  7
2019 163 16  7
2019 163 17  7
2019 163 18  3
2019 163 19  3
2019 163 20  3
2019 163 21  3
2019 163 22  3
2019 163 23  3
2019 164  0 13
2019 164  1 13
2019 164  2 13
2019 164  3 17
2019 164  4 17
2019 164  5 17
2019 164  6 20
2019 164  7 20
2019 164  8 20
2019 164  9 13
2019 164 10 13
2019 164 11 13
2019 164 12 23
2019 164 13 23
2019 164 14 23
2019 164 15 17
2019 164 16 17
2019 164 17 17
2019 164 18 17
2019 164 19 17
2019 164 20 17
2019 164 21 40
2019 164 22 40
2019 164 23 40
2019 165  0 23
2019 165  1 23
2019 165  2 23
2019 165  3 17
2019 165  4 17
2019 165  5 17
2019 165  6 23
2019 165  7 23
2019 165  8 23
2019 165  9 17
2019 165 10 17
2019 165 11 17
2019 165 12 17
2019 165 13 17
2019 165 14 17
2019 165 15 10
2019 165 16 10
2019 165 17 10
2019 165 18  7
2019 165 19  7
2019 165 20  7
2019 165 21  7
2019 165 22  7
2019 165 23  7
2019 166  0  3
2019 166  1  3
2019 166  2  3
2019 166  3 10
2019 166  4 10
2019 166  5 10
2019 166  6 13
2019 166  7 13
2019 166  8 13
2019 166  9 13
2019 166 10 13
2019 166 11 13
2019 166 12  7
2019 166 13  7
2019 166 14  7
2019 166 15  7
2019 166 16  7
2019 166 17  7
2019 166 18  0
2019 166 19  0
2019 166 20  0
2019 166 21  7
2019 166 22  7
2019 166 23  7
2019 167  0 10
2019 167  1 10
2019 167  2 10
2019 167  3 13
2019 167  4 13
2019 167  5 13
2019 167  6 10
2019 167  7 10
2019 167  8 10
2019 167  9  3
2019 167 10  3
2019 167 11  3
2019 167 12  7
2019 167 13  7
2019 167 14  7
2019 167 15 10
2019 167 16 10
2019 167 17 10
2019 167 18  7
2019 167 19  7
2019 167 20  7
2019 167 21  7
2019 167 22  7
2019 167 23  7
2019 168  0  0
2019 168  1  0
2019 168  2  0
2019 168  3  3
2019 168  4  3
2019 168  5  3
2019 168  6  3
2019 168  7  3
2019 168  8  3
2019 168  9  7
2019 168 10  7
2019 168 11  7
2019 168 12 10
2019 168 13 10
2019 168 14 10
2019 168 15  7
2019 168 16  7
2019 168 17  7
2019 168 18  3
2019 168 19  3
2019 168 20  3
2019 168 21  0
2019 168 22  0
2019 168 23  0
2019 169  0  3
2019 169  1  3
2019 169  2  3
2019 169  3  3
2019 169  4  3
2019 169  5  3
2019 169  6  3
2019 169  7  3
2019 169  8  3
2019 169  9  3
2019 169 10  3
2019 169 11  3
2019 169 12 13
2019 169 13 13
2019 169 14 13
2019 169 15  7
2019 169 16  7
2019 169 17  7
2019 169 18 10
2019 169 19 10
2019 169 20 10
2019 169 21  7
2019 169 22  7
2019 169 23  7
2019 170  0  7
2019 170  1  7
2019 170  2  7
2019 170  3  3
2019 170  4  3
2019 170  5  3
2019 170  6  7
2019 170  7  7
2019 170  8  7
2019 170  9 10
2019 170 10 10
2019 170 11 10
2019 170 12 10
2019 170 13 10
2019 170 14 10
2019 170 15  7
2019 170 16  7
2019 170 17  7
2019 170 18  3
2019 170 19  3
2019 170 20  3
2019 170 21  7
2019 170 22  7
2019 170 23  7
2019 171  0  3
2019 171  1  3
2019 171  2  3
2019 171  3 17
2019 171  4 17
2019 171  5 17
2019 171  6 23
2019 171  7 23
2019 171  8 23
2019 171  9 17
2019 171 10 17
2019 171 11 17
2019 171 12 10
2019 171 13 10
2019 171 14 10
2019 171 15 10
2019 171 16 10
2019 171 17 10
2019 171 18 20
2019 171 19 20
2019 171 20 20
2019 171 21 23
2019 171 22 23
2019 171 23 23
2019 172  0 13
2019 172  1 13
2019 172  2 13
2019 172  3 17
2019 172  4 17
2019 172  5 17
2019 172  6 10
2019 172  7 10
2019 172  8 10
2019 172  9 13
2019 172 10 13
2019 172 11 13
2019 172 12 13
2019 172 13 13
2019 172 14 13
2019 172 15  7
2019 172 16  7
2019 172 17  7
2019 172 18 13
2019 172 19 13
2019 172 20 13
2019 172 21 23
2019 172 22 23
2019 172 23 23
2019 173  0 13
2019 173  1 13
2019 173  2 13
2019 173  3 17
2019 173  4 17
2019 173  5 17
2019 173  6 13
2019 173  7 13
2019 173  8 13
2019 173  9  7
2019 173 10  7
2019 173 11  7
2019 173 12  3
2019 173 13  3
2019 173 14  3
2019 173 15  7
2019 173 16  7
2019 173 17  7
2019 173 18  3
2019 173 19  3
2019 173 20  3
2019 173 21  0
2019 173 22  0
2019 173 23  0
2019 174  0  0
2019 174  1  0
2019 174  2  0
2019 174  3  0
2019 174  4  0
2019 174  5  0
2019 174  6  3
2019 174  7  3
2019 174  8  3
2019 174  9  7
2019 174 10  7
2019 174 11  7
2019 174 12 13
2019 174 13 13
2019 174 14 13
2019 174 15  7
2019 174 16  7
2019 174 17  7
2019 174 18  3
2019 174 19  3
2019 174 20  3
2019 174 21  3
2019 174 22  3
2019 174 23  3
2019 175  0 17
2019 175  1 17
2019 175  2 17
2019 175  3 17
2019 175  4 17
2019 175  5 17
2019 175  6  3
2019 175  7  3
2019 175  8  3
2019 175  9  7
2019 175 10  7
2019 175 11  7
2019 175 12 17
2019 175 13 17
2019 175 14 17
2019 175 15  7
2019 175 16  7
2019 175 17  7
2019 175 18 13
2019 175 19 13
2019 175 20 13
2019 175 21  7
2019 175 22  7
2019 175 23  7
2019 176  0  7
2019 176  1  7
2019 176  2  7
2019 176  3  3
2019 176  4  3
2019 176  5  3
2019 176  6  3
2019 176  7  3
2019 176  8  3
2019 176  9  7
2019 176 10  7
2019 176 11  7
2019 176 12 10
2019 176 13 10
2019 176 14 10
2019 176 15  3
2019 176 16  3
2019 176 17  3
2019 176 18  7
2019 176 19  7
2019 176 20  7
2019 176 21 13
2019 176 22 13
2019 176 23 13
2019 177  0 17
2019 177  1 17
2019 177  2 17
2019 177  3 13
2019 177  4 13
2019 177  5 13
2019 177  6 17
2019 177  7 17
2019 177  8 17
2019 177  9 17
2019 177 10 17
2019 177 11 17
2019 177 12 10
2019 177 13 10
2019 177 14 10
2019 177 15 10
2019 177 16 10
2019 177 17 10
2019 177 18  3
2019 177 19  3
2019 177 20  3
2019 177 21 13
2019 177 22 13
2019 177 23 13
2019 178  0 13
2019 178  1 13
2019 178  2 13
2019 178  3 10
2019 178  4 10
2019 178  5 10
2019 178  6  0
2019 178  7  0
2019 178  8  0
2019 178  9  3
2019 178 10  3
2019 178 11  3
2019 178 12 10
2019 178 13 10
2019 178 14 10
2019 178 15  7
2019 178 16  7
2019 178 17  7
2019 178 18 10
2019 178 19 10
2019 178 20 10
2019 178 21  7
2019 178 22  7
2019 178 23  7
2019 179  0 20
2019 179  1 20
2019 179  2 20
2019 179  3 10
2019 179  4 10
2019 179  5 10
2019 179  6  3
2019 179  7  3
2019 179  8  3
2019 179  9  3
2019 179 10  3
2019 179 11  3
2019 179 12  7
2019 179 13  7
2019 179 14  7
2019 179 15  7
2019 179 16  7
2019 179 17  7
2019 179 18 10
2019 179 19 10
2019 179 20 10
2019 179 21  7
2019 179 22  7
2019 179 23  7
2019 180  0  3
2019 180  1  3
2019 180  2  3
2019 180  3  3
2019 180  4  3
2019 180  5  3
2019 180  6  7
2019 180  7  7
2019 180  8  7
2019 180  9  3
2019 180 10  3
2019 180 11  3
2019 180 12  7
2019 180 13  7
2019 180 14  7
2019 180 15  7
2019 180 16  7
2019 180 17  7
2019 180 18  7
2019 180 19  7
2019 180 20  7
2019 180 21 10
2019 180 22 10
2019 180 23 10
2019 181  0 23
2019 181  1 23
2019 181  2 23
2019 181  3  3
2019 181  4  3
2019 181  5  3
2019 181  6  3
2019 181  7  3
2019 181  8  3
2019 181  9  3
2019 181 10  3
2019 181 11  3
2019 181 12 13
2019 181 13 13
2019 181 14 13
2019 181 15  7
2019 181 16  7
2019 181 17  7
2019 181 18  3
2019 181 19  3
2019 181 20  3
2019 181 21 10
2019 181 22 10
2019 181 23 10
2019 182  0 23
2019 182  1 23
2019 182  2 23
2019 182  3 30
2019 182  4 30
2019 182  5 30
2019 182  6 23
2019 182  7 23
2019 182  8 23
2019 182  9 13
2019 182 10 13
2019 182 11 13
2019 182 12 20
2019 182 13 20
2019 182 14 20
2019 182 15 13
2019 182 16 13
2019 182 17 13
2019 182 18 13
2019 182 19 13
2019 182 20 13
2019 182 21 17
2019 182 22 17
2019 182 23 17
2019 183  0 13
2019 183  1 13
2019 183  2 13
2019 183  3  7
2019 183  4  7
2019 183  5  7
2019 183  6 10
2019 183  7 10
2019 183  8 10
2019 183  9 10
2019 183 10 10
2019 183 11 10
2019 183 12 13
2019 183 13 13
2019 183 14 13
2019 183 15 17
2019 183 16 17
2019 183 17 17
2019 183 18 20
2019 183 19 20
2019 183 20 20
2019 183 21  3
2019 183 22  3
2019 183 23  3
2019 184  0  0
2019 184  1  0
2019 184  2  0
2019 184  3  3
2019 184  4  3
2019 184  5  3
2019 184  6 13
2019 184  7 13
2019 184  8 13
2019 184  9 10
2019 184 10 10
2019 184 11 10
2019 184 12 13
2019 184 13 13
2019 184 14 13
2019 184 15 13
2019 184 16 13
2019 184 17 13
2019 184 18 13
2019 184 19 13
2019 184 20 13
2019 184 21  0
2019 184 22  0
2019 184 23  0
2019 185  0  0
2019 185  1  0
2019 185  2  0
2019 185  3  3
2019 185  4  3
2019 185  5  3
2019 185  6  3
2019 185  7  3
2019 185  8  3
2019 185  9  3
2019 185 10  3
2019 185 11  3
2019 185 12 20
2019 185 13 20
2019 185 14 20
2019 185 15 13
2019 185 16 13
2019 185 17 13
2019 185 18 23
2019 185 19 23
2019 185 20 23
2019 185 21 20
2019 185 22 20
2019 185 23 20
2019 186  0 17
2019 186  1 17
2019 186  2 17
2019 186  3  7
2019 186  4  7
2019 186  5  7
2019 186  6 10
2019 186  7 10
2019 186  8 10
2019 186  9 10
2019 186 10 10
2019 186 11 10
2019 186 12 17
2019 186 13 17
2019 186 14 17
2019 186 15  7
2019 186 16  7
2019 186 17  7
2019 186 18  3
2019 186 19  3
2019 186 20  3
2019 186 21  3
2019 186 22  3
2019 186 23  3
2019 187  0 10
2019 187  1 10
2019 187  2 10
2019 187  3 10
2019 187  4 10
2019 187  5 10
2019 187  6  7
2019 187  7  7
2019 187  8  7
2019 187  9  7
2019 187 10  7
2019 187 11  7
2019 187 12  3
2019 187 13  3
2019 187 14  3
2019 187 15  3
2019 187 16  3
2019 187 17  3
2019 187 18  3
2019 187 19  3
2019 187 20  3
2019 187 21  7
2019 187 22  7
2019 187 23  7
2019 188  0  3
2019 188  1  3
2019 188  2  3
2019 188  3 10
2019 188  4 10
2019 188  5 10
2019 188  6 13
2019 188  7 13
2019 188  8 13
2019 188  9 10
2019 188 10 10
2019 188 11 10
2019 188 12 10
2019 188 13 10
2019 188 14 10
2019 188 15  7
2019 188 16  7
2019 188 17  7
2019 188 18 10
2019 188 19 10
2019 188 20 10
2019 188 21 17
2019 188 22 17
2019 188 23 17
2019 189  0 23
2019 189  1 23
2019 189  2 23
2019 189  3 13
2019 189  4 13
2019 189  5 13
2019 189  6  7
2019 189  7  7
2019 189  8  7
2019 189  9  0
2019 189 10  0
2019 189 11  0
2019 189 12  3
2019 189 13  3
2019 189 14  3
2019 189 15  7
2019 189 16  7
2019 189 17  7
2019 189 18 37
2019 189 19 37
2019 189 20 37
2019 189 21 33
2019 189 22 33
2019 189 23 33
2019 190  0 30
2019 190  1 30
2019 190  2 30
2019 190  3 23
2019 190  4 23
2019 190  5 23
2019 190  6 20
2019 190  7 20
2019 190  8 20
2019 190  9 17
2019 190 10 17
2019 190 11 17
2019 190 12 17
2019 190 13 17
2019 190 14 17
2019 190 15 27
2019 190 16 27
2019 190 17 27
2019 190 18 50
2019 190 19 50
2019 190 20 50
2019 190 21 33
2019 190 22 33
2019 190 23 33
2019 191  0 17
2019 191  1 17
2019 191  2 17
2019 191  3 43
2019 191  4 43
2019 191  5 43
2019 191  6 47
2019 191  7 47
2019 191  8 47
2019 191  9 33
2019 191 10 33
2019 191 11 33
2019 191 12 23
2019 191 13 23
2019 191 14 23
2019 191 15 20
2019 191 16 20
2019 191 17 20
2019 191 18 10
2019 191 19 10
2019 191 20 10
2019 191 21 17
2019 191 22 17
2019 191 23 17
2019 192  0 27
2019 192  1 27
2019 192  2 27
2019 192  3 20
2019 192  4 20
2019 192  5 20
2019 192  6 30
2019 192  7 30
2019 192  8 30
2019 192  9 10
2019 192 10 10
2019 192 11 10
2019 192 12 10
2019 192 13 10
2019 192 14 10
2019 192 15  7
2019 192 16  7
2019 192 17  7
2019 192 18  7
2019 192 19  7
2019 192 20  7
2019 192 21  3
2019 192 22  3
2019 192 23  3
