2010 334  0 10  84.0
2010 334  1 10  84.0
2010 334  2 10  84.0
2010 334  3 10  84.0
2010 334  4 10  84.0
2010 334  5 10  84.0
2010 334  6  7  84.0
2010 334  7  7  84.0
2010 334  8  7  84.0
2010 334  9 10  84.0
2010 334 10 10  84.0
2010 334 11 10  84.0
2010 334 12  7  84.0
2010 334 13  7  84.0
2010 334 14  7  84.0
2010 334 15 10  84.0
2010 334 16 10  84.0
2010 334 17 10  84.0
2010 334 18 10  84.0
2010 334 19 10  84.0
2010 334 20 10  84.0
2010 334 21  7  84.0
2010 334 22  7  84.0
2010 334 23  7  84.0
2010 335  0 13  84.1
2010 335  1 13  84.1
2010 335  2 13  84.1
2010 335  3  3  84.1
2010 335  4  3  84.1
2010 335  5  3  84.1
2010 335  6  3  84.1
2010 335  7  3  84.1
2010 335  8  3  84.1
2010 335  9  0  84.1
2010 335 10  0  84.1
2010 335 11  0  84.1
2010 335 12  0  84.1
2010 335 13  0  84.1
2010 335 14  0  84.1
2010 335 15  3  84.1
2010 335 16  3  84.1
2010 335 17  3  84.1
2010 335 18 17  84.1
2010 335 19 17  84.1
2010 335 20 17  84.1
2010 335 21  3  84.1
2010 335 22  3  84.1
2010 335 23  3  84.1
2010 336  0 17  84.1
2010 336  1 17  84.1
2010 336  2 17  84.1
2010 336  3 13  84.1
2010 336  4 13  84.1
2010 336  5 13  84.1
2010 336  6  7  84.1
2010 336  7  7  84.1
2010 336  8  7  84.1
2010 336  9  0  84.1
2010 336 10  0  84.1
2010 336 11  0  84.1
2010 336 12  3  84.1
2010 336 13  3  84.1
2010 336 14  3  84.1
2010 336 15  0  84.1
2010 336 16  0  84.1
2010 336 17  0  84.1
2010 336 18  0  84.1
2010 336 19  0  84.1
2010 336 20  0  84.1
2010 336 21  3  84.1
2010 336 22  3  84.1
2010 336 23  3  84.1
2010 337  0  0  84.4
2010 337  1  0  84.4
2010 337  2  0  84.4
2010 337  3  7  84.4
2010 337  4  7  84.4
2010 337  5  7  84.4
2010 337  6  0  84.4
2010 337  7  0  84.4
2010 337  8  0  84.4
2010 337  9  0  84.4
2010 337 10  0  84.4
2010 337 11  0  84.4
2010 337 12  0  84.4
2010 337 13  0  84.4
2010 337 14  0  84.4
2010 337 15  0  84.4
2010 337 16  0  84.4
2010 337 17  0  84.4
2010 337 18  3  84.4
2010 337 19  3  84.4
2010 337 20  3  84.4
2010 337 21  3  84.4
2010 337 22  3  84.4
2010 337 23  3  84.4
2010 338  0  0  84.9
2010 338  1  0  84.9
2010 338  2  0  84.9
2010 338  3  0  84.9
2010 338  4  0  84.9
2010 338  5  0  84.9
2010 338  6  7  84.9
2010 338  7  7  84.9
2010 338  8  7  84.9
2010 338  9  3  84.9
2010 338 10  3  84.9
2010 338 11  3  84.9
2010 338 12  3  84.9
2010 338 13  3  84.9
2010 338 14  3  84.9
2010 338 15  0  84.9
2010 338 16  0  84.9
2010 338 17  0  84.9
2010 338 18 10  84.9
2010 338 19 10  84.9
2010 338 20 10  84.9
2010 338 21  0  84.9
2010 338 22  0  84.9
2010 338 23  0  84.9
2010 339  0  0  85.4
2010 339  1  0  85.4
2010 339  2  0  85.4
2010 339  3  0  85.4
2010 339  4  0  85.4
2010 339  5  0  85.4
2010 339  6  0  85.4
2010 339  7  0  85.4
2010 339  8  0  85.4
2010 339  9  0  85.4
2010 339 10  0  85.4
2010 339 11  0  85.4
2010 339 12  0  85.4
2010 339 13  0  85.4
2010 339 14  0  85.4
2010 339 15  0  85.4
2010 339 16  0  85.4
2010 339 17  0  85.4
2010 339 18  0  85.4
2010 339 19  0  85.4
2010 339 20  0  85.4
2010 339 21 17  85.4
2010 339 22 17  85.4
2010 339 23 17  85.4
2010 340  0  7  85.9
2010 340  1  7  85.9
2010 340  2  7  85.9
2010 340  3  3  85.9
2010 340  4  3  85.9
2010 340  5  3  85.9
2010 340  6  3  85.9
2010 340  7  3  85.9
2010 340  8  3  85.9
2010 340  9  7  85.9
2010 340 10  7  85.9
2010 340 11  7  85.9
2010 340 12  3  85.9
2010 340 13  3  85.9
2010 340 14  3  85.9
2010 340 15 10  85.9
2010 340 16 10  85.9
2010 340 17 10  85.9
2010 340 18 17  85.9
2010 340 19 17  85.9
2010 340 20 17  85.9
2010 340 21  3  85.9
2010 340 22  3  85.9
2010 340 23  3  85.9
2010 341  0 10  84.5
2010 341  1 10  84.5
2010 341  2 10  84.5
2010 341  3  3  84.5
2010 341  4  3  84.5
2010 341  5  3  84.5
2010 341  6 10  84.5
2010 341  7 10  84.5
2010 341  8 10  84.5
2010 341  9 10  84.5
2010 341 10 10  84.5
2010 341 11 10  84.5
2010 341 12 20  84.5
2010 341 13 20  84.5
2010 341 14 20  84.5
2010 341 15 20  84.5
2010 341 16 20  84.5
2010 341 17 20  84.5
2010 341 18 17  84.5
2010 341 19 17  84.5
2010 341 20 17  84.5
2010 341 21 13  84.5
2010 341 22 13  84.5
2010 341 23 13  84.5
2010 342  0 17  84.6
2010 342  1 17  84.6
2010 342  2 17  84.6
2010 342  3 20  84.6
2010 342  4 20  84.6
2010 342  5 20  84.6
2010 342  6 13  84.6
2010 342  7 13  84.6
2010 342  8 13  84.6
2010 342  9  3  84.6
2010 342 10  3  84.6
2010 342 11  3  84.6
2010 342 12  7  84.6
2010 342 13  7  84.6
2010 342 14  7  84.6
2010 342 15 30  84.6
2010 342 16 30  84.6
2010 342 17 30  84.6
2010 342 18 30  84.6
2010 342 19 30  84.6
2010 342 20 30  84.6
2010 342 21 10  84.6
2010 342 22 10  84.6
2010 342 23 10  84.6
2010 343  0  3  84.2
2010 343  1  3  84.2
2010 343  2  3  84.2
2010 343  3  3  84.2
2010 343  4  3  84.2
2010 343  5  3  84.2
2010 343  6  7  84.2
2010 343  7  7  84.2
2010 343  8  7  84.2
2010 343  9  3  84.2
2010 343 10  3  84.2
2010 343 11  3  84.2
2010 343 12  0  84.2
2010 343 13  0  84.2
2010 343 14  0  84.2
2010 343 15  0  84.2
2010 343 16  0  84.2
2010 343 17  0  84.2
2010 343 18  0  84.2
2010 343 19  0  84.2
2010 343 20  0  84.2
2010 343 21  3  84.2
2010 343 22  3  84.2
2010 343 23  3  84.2
2010 344  0  0  85.8
2010 344  1  0  85.8
2010 344  2  0  85.8
2010 344  3  3  85.8
2010 344  4  3  85.8
2010 344  5  3  85.8
2010 344  6  0  85.8
2010 344  7  0  85.8
2010 344  8  0  85.8
2010 344  9  3  85.8
2010 344 10  3  85.8
2010 344 11  3  85.8
2010 344 12  0  85.8
2010 344 13  0  85.8
2010 344 14  0  85.8
2010 344 15  0  85.8
2010 344 16  0  85.8
2010 344 17  0  85.8
2010 344 18  3  85.8
2010 344 19  3  85.8
2010 344 20  3  85.8
2010 344 21  0  85.8
2010 344 22  0  85.8
2010 344 23  0  85.8
2010 345  0  3  84.3
2010 345  1  3  84.3
2010 345  2  3  84.3
2010 345  3  3  84.3
2010 345  4  3  84.3
2010 345  5  3  84.3
2010 345  6  3  84.3
2010 345  7  3  84.3
2010 345  8  3  84.3
2010 345  9  0  84.3
2010 345 10  0  84.3
2010 345 11  0  84.3
2010 345 12  3  84.3
2010 345 13  3  84.3
2010 345 14  3  84.3
2010 345 15  0  84.3
2010 345 16  0  84.3
2010 345 17  0  84.3
2010 345 18  0  84.3
2010 345 19  0  84.3
2010 345 20  0  84.3
2010 345 21  3  84.3
2010 345 22  3  84.3
2010 345 23  3  84.3
2010 346  0  0  86.7
2010 346  1  0  86.7
2010 346  2  0  86.7
2010 346  3  0  86.7
2010 346  4  0  86.7
2010 346  5  0  86.7
2010 346  6  3  86.7
2010 346  7  3  86.7
2010 346  8  3  86.7
2010 346  9  0  86.7
2010 346 10  0  86.7
2010 346 11  0  86.7
2010 346 12  7  86.7
2010 346 13  7  86.7
2010 346 14  7  86.7
2010 346 15 30  86.7
2010 346 16 30  86.7
2010 346 17 30  86.7
2010 346 18 20  86.7
2010 346 19 20  86.7
2010 346 20 20  86.7
2010 346 21 23  86.7
2010 346 22 23  86.7
2010 346 23 23  86.7
2010 347  0 27  85.0
2010 347  1 27  85.0
2010 347  2 27  85.0
2010 347  3 27  85.0
2010 347  4 27  85.0
2010 347  5 27  85.0
2010 347  6 23  85.0
2010 347  7 23  85.0
2010 347  8 23  85.0
2010 347  9  7  85.0
2010 347 10  7  85.0
2010 347 11  7  85.0
2010 347 12 10  85.0
2010 347 13 10  85.0
2010 347 14 10  85.0
2010 347 15 17  85.0
2010 347 16 17  85.0
2010 347 17 17  85.0
2010 347 18 30  85.0
2010 347 19 30  85.0
2010 347 20 30  85.0
2010 347 21 27  85.0
2010 347 22 27  85.0
2010 347 23 27  85.0
2010 348  0 23  87.5
2010 348  1 23  87.5
2010 348  2 23  87.5
2010 348  3 27  87.5
2010 348  4 27  87.5
2010 348  5 27  87.5
2010 348  6 23  87.5
2010 348  7 23  87.5
2010 348  8 23  87.5
2010 348  9 30  87.5
2010 348 10 30  87.5
2010 348 11 30  87.5
2010 348 12 33  87.5
2010 348 13 33  87.5
2010 348 14 33  87.5
2010 348 15 33  87.5
2010 348 16 33  87.5
2010 348 17 33  87.5
2010 348 18 37  87.5
2010 348 19 37  87.5
2010 348 20 37  87.5
2010 348 21 37  87.5
2010 348 22 37  87.5
2010 348 23 37  87.5
2010 349  0 33  84.2
2010 349  1 33  84.2
2010 349  2 33  84.2
2010 349  3 37  84.2
2010 349  4 37  84.2
2010 349  5 37  84.2
2010 349  6 17  84.2
2010 349  7 17  84.2
2010 349  8 17  84.2
2010 349  9 10  84.2
2010 349 10 10  84.2
2010 349 11 10  84.2
2010 349 12 20  84.2
2010 349 13 20  84.2
2010 349 14 20  84.2
2010 349 15 20  84.2
2010 349 16 20  84.2
2010 349 17 20  84.2
2010 349 18 17  84.2
2010 349 19 17  84.2
2010 349 20 17  84.2
2010 349 21 10  84.2
2010 349 22 10  84.2
2010 349 23 10  84.2
2010 350  0 23  81.4
2010 350  1 23  81.4
2010 350  2 23  81.4
2010 350  3 17  81.4
2010 350  4 17  81.4
2010 350  5 17  81.4
2010 350  6 20  81.4
2010 350  7 20  81.4
2010 350  8 20  81.4
2010 350  9 20  81.4
2010 350 10 20  81.4
2010 350 11 20  81.4
2010 350 12  3  81.4
2010 350 13  3  81.4
2010 350 14  3  81.4
2010 350 15 13  81.4
2010 350 16 13  81.4
2010 350 17 13  81.4
2010 350 18 17  81.4
2010 350 19 17  81.4
2010 350 20 17  81.4
2010 350 21 10  81.4
2010 350 22 10  81.4
2010 350 23 10  81.4
2010 351  0 20  79.1
2010 351  1 20  79.1
2010 351  2 20  79.1
2010 351  3 13  79.1
2010 351  4 13  79.1
2010 351  5 13  79.1
2010 351  6  0  79.1
2010 351  7  0  79.1
2010 351  8  0  79.1
2010 351  9  3  79.1
2010 351 10  3  79.1
2010 351 11  3  79.1
2010 351 12  7  79.1
2010 351 13  7  79.1
2010 351 14  7  79.1
2010 351 15 17  79.1
2010 351 16 17  79.1
2010 351 17 17  79.1
2010 351 18 17  79.1
2010 351 19 17  79.1
2010 351 20 17  79.1
2010 351 21 13  79.1
2010 351 22 13  79.1
2010 351 23 13  79.1
2010 352  0  3  78.0
2010 352  1  3  78.0
2010 352  2  3  78.0
2010 352  3 23  78.0
2010 352  4 23  78.0
2010 352  5 23  78.0
2010 352  6  7  78.0
2010 352  7  7  78.0
2010 352  8  7  78.0
2010 352  9  0  78.0
2010 352 10  0  78.0
2010 352 11  0  78.0
2010 352 12 10  78.0
2010 352 13 10  78.0
2010 352 14 10  78.0
2010 352 15 10  78.0
2010 352 16 10  78.0
2010 352 17 10  78.0
2010 352 18 10  78.0
2010 352 19 10  78.0
2010 352 20 10  78.0
2010 352 21  7  78.0
2010 352 22  7  78.0
2010 352 23  7  78.0
2010 353  0 13  78.3
2010 353  1 13  78.3
2010 353  2 13  78.3
2010 353  3  7  78.3
2010 353  4  7  78.3
2010 353  5  7  78.3
2010 353  6  3  78.3
2010 353  7  3  78.3
2010 353  8  3  78.3
2010 353  9  0  78.3
2010 353 10  0  78.3
2010 353 11  0  78.3
2010 353 12  0  78.3
2010 353 13  0  78.3
2010 353 14  0  78.3
2010 353 15  3  78.3
2010 353 16  3  78.3
2010 353 17  3  78.3
2010 353 18  0  78.3
2010 353 19  0  78.3
2010 353 20  0  78.3
2010 353 21 20  78.3
2010 353 22 20  78.3
2010 353 23 20  78.3
2010 354  0 13  75.4
2010 354  1 13  75.4
2010 354  2 13  75.4
2010 354  3 37  75.4
2010 354  4 37  75.4
2010 354  5 37  75.4
2010 354  6 23  75.4
2010 354  7 23  75.4
2010 354  8 23  75.4
2010 354  9 23  75.4
2010 354 10 23  75.4
2010 354 11 23  75.4
2010 354 12 20  75.4
2010 354 13 20  75.4
2010 354 14 20  75.4
2010 354 15 20  75.4
2010 354 16 20  75.4
2010 354 17 20  75.4
2010 354 18 17  75.4
2010 354 19 17  75.4
2010 354 20 17  75.4
2010 354 21 37  75.4
2010 354 22 37  75.4
2010 354 23 37  75.4
2010 355  0  7  75.3
2010 355  1  7  75.3
2010 355  2  7  75.3
2010 355  3  7  75.3
2010 355  4  7  75.3
2010 355  5  7  75.3
2010 355  6  3  75.3
2010 355  7  3  75.3
2010 355  8  3  75.3
2010 355  9  3  75.3
2010 355 10  3  75.3
2010 355 11  3  75.3
2010 355 12  7  75.3
2010 355 13  7  75.3
2010 355 14  7  75.3
2010 355 15 10  75.3
2010 355 16 10  75.3
2010 355 17 10  75.3
2010 355 18  3  75.3
2010 355 19  3  75.3
2010 355 20  3  75.3
2010 355 21  0  75.3
2010 355 22  0  75.3
2010 355 23  0  75.3
2010 356  0  0  75.2
2010 356  1  0  75.2
2010 356  2  0  75.2
2010 356  3  0  75.2
2010 356  4  0  75.2
2010 356  5  0  75.2
2010 356  6  0  75.2
2010 356  7  0  75.2
2010 356  8  0  75.2
2010 356  9  3  75.2
2010 356 10  3  75.2
2010 356 11  3  75.2
2010 356 12  3  75.2
2010 356 13  3  75.2
2010 356 14  3  75.2
2010 356 15  3  75.2
2010 356 16  3  75.2
2010 356 17  3  75.2
2010 356 18  0  75.2
2010 356 19  0  75.2
2010 356 20  0  75.2
2010 356 21  0  75.2
2010 356 22  0  75.2
2010 356 23  0  75.2
2010 357  0  3  77.5
2010 357  1  3  77.5
2010 357  2  3  77.5
2010 357  3  0  77.5
2010 357  4  0  77.5
2010 357  5  0  77.5
2010 357  6  0  77.5
2010 357  7  0  77.5
2010 357  8  0  77.5
2010 357  9  3  77.5
2010 357 10  3  77.5
2010 357 11  3  77.5
2010 357 12  0  77.5
2010 357 13  0  77.5
2010 357 14  0  77.5
2010 357 15  0  77.5
2010 357 16  0  77.5
2010 357 17  0  77.5
2010 357 18  0  77.5
2010 357 19  0  77.5
2010 357 20  0  77.5
2010 357 21  7  77.5
2010 357 22  7  77.5
2010 357 23  7  77.5
2010 358  0 10  76.1
2010 358  1 10  76.1
2010 358  2 10  76.1
2010 358  3 20  76.1
2010 358  4 20  76.1
2010 358  5 20  76.1
2010 358  6 10  76.1
2010 358  7 10  76.1
2010 358  8 10  76.1
2010 358  9  0  76.1
2010 358 10  0  76.1
2010 358 11  0  76.1
2010 358 12  7  76.1
2010 358 13  7  76.1
2010 358 14  7  76.1
2010 358 15 10  76.1
2010 358 16 10  76.1
2010 358 17 10  76.1
2010 358 18  3  76.1
2010 358 19  3  76.1
2010 358 20  3  76.1
2010 358 21  0  76.1
2010 358 22  0  76.1
2010 358 23  0  76.1
2010 359  0 17  76.8
2010 359  1 17  76.8
2010 359  2 17  76.8
2010 359  3 13  76.8
2010 359  4 13  76.8
2010 359  5 13  76.8
2010 359  6 13  76.8
2010 359  7 13  76.8
2010 359  8 13  76.8
2010 359  9  7  76.8
2010 359 10  7  76.8
2010 359 11  7  76.8
2010 359 12 10  76.8
2010 359 13 10  76.8
2010 359 14 10  76.8
2010 359 15 20  76.8
2010 359 16 20  76.8
2010 359 17 20  76.8
2010 359 18 20  76.8
2010 359 19 20  76.8
2010 359 20 20  76.8
2010 359 21 10  76.8
2010 359 22 10  76.8
2010 359 23 10  76.8
2010 360  0 10  77.9
2010 360  1 10  77.9
2010 360  2 10  77.9
2010 360  3  7  77.9
2010 360  4  7  77.9
2010 360  5  7  77.9
2010 360  6  7  77.9
2010 360  7  7  77.9
2010 360  8  7  77.9
2010 360  9  3  77.9
2010 360 10  3  77.9
2010 360 11  3  77.9
2010 360 12  3  77.9
2010 360 13  3  77.9
2010 360 14  3  77.9
2010 360 15  3  77.9
2010 360 16  3  77.9
2010 360 17  3  77.9
2010 360 18 17  77.9
2010 360 19 17  77.9
2010 360 20 17  77.9
2010 360 21 13  77.9
2010 360 22 13  77.9
2010 360 23 13  77.9
2010 361  0 20  77.4
2010 361  1 20  77.4
2010 361  2 20  77.4
2010 361  3  0  77.4
2010 361  4  0  77.4
2010 361  5  0  77.4
2010 361  6  0  77.4
2010 361  7  0  77.4
2010 361  8  0  77.4
2010 361  9  0  77.4
2010 361 10  0  77.4
2010 361 11  0  77.4
2010 361 12  0  77.4
2010 361 13  0  77.4
2010 361 14  0  77.4
2010 361 15  0  77.4
2010 361 16  0  77.4
2010 361 17  0  77.4
2010 361 18  3  77.4
2010 361 19  3  77.4
2010 361 20  3  77.4
2010 361 21 13  77.4
2010 361 22 13  77.4
2010 361 23 13  77.4
2010 362  0  3  78.0
2010 362  1  3  78.0
2010 362  2  3  78.0
2010 362  3  7  78.0
2010 362  4  7  78.0
2010 362  5  7  78.0
2010 362  6  7  78.0
2010 362  7  7  78.0
2010 362  8  7  78.0
2010 362  9  7  78.0
2010 362 10  7  78.0
2010 362 11  7  78.0
2010 362 12 37  78.0
2010 362 13 37  78.0
2010 362 14 37  78.0
2010 362 15 40  78.0
2010 362 16 40  78.0
2010 362 17 40  78.0
2010 362 18 30  78.0
2010 362 19 30  78.0
2010 362 20 30  78.0
2010 362 21 13  78.0
2010 362 22 13  78.0
2010 362 23 13  78.0
2010 363  0 17  79.9
2010 363  1 17  79.9
2010 363  2 17  79.9
2010 363  3 10  79.9
2010 363  4 10  79.9
2010 363  5 10  79.9
2010 363  6 10  79.9
2010 363  7 10  79.9
2010 363  8 10  79.9
2010 363  9  7  79.9
2010 363 10  7  79.9
2010 363 11  7  79.9
2010 363 12 10  79.9
2010 363 13 10  79.9
2010 363 14 10  79.9
2010 363 15 10  79.9
2010 363 16 10  79.9
2010 363 17 10  79.9
2010 363 18 20  79.9
2010 363 19 20  79.9
2010 363 20 20  79.9
2010 363 21  0  79.9
2010 363 22  0  79.9
2010 363 23  0  79.9
2010 364  0  0  80.2
2010 364  1  0  80.2
2010 364  2  0  80.2
2010 364  3  0  80.2
2010 364  4  0  80.2
2010 364  5  0  80.2
2010 364  6 10  80.2
2010 364  7 10  80.2
2010 364  8 10  80.2
2010 364  9 10  80.2
2010 364 10 10  80.2
2010 364 11 10  80.2
2010 364 12 13  80.2
2010 364 13 13  80.2
2010 364 14 13  80.2
2010 364 15 23  80.2
2010 364 16 23  80.2
2010 364 17 23  80.2
2010 364 18 17  80.2
2010 364 19 17  80.2
2010 364 20 17  80.2
2010 364 21 13  80.2
2010 364 22 13  80.2
2010 364 23 13  80.2
2010 365  0 17  87.9
2010 365  1 17  87.9
2010 365  2 17  87.9
2010 365  3  7  87.9
2010 365  4  7  87.9
2010 365  5  7  87.9
2010 365  6 10  87.9
2010 365  7 10  87.9
2010 365  8 10  87.9
2010 365  9 13  87.9
2010 365 10 13  87.9
2010 365 11 13  87.9
2010 365 12  7  87.9
2010 365 13  7  87.9
2010 365 14  7  87.9
2010 365 15 13  87.9
2010 365 16 13  87.9
2010 365 17 13  87.9
2010 365 18  7  87.9
2010 365 19  7  87.9
2010 365 20  7  87.9
2010 365 21  3  87.9
2010 365 22  3  87.9
2010 365 23  3  87.9
2011   1  0 13 999.9
2011   1  1 13 999.9
2011   1  2 13 999.9
2011   1  3  7 999.9
2011   1  4  7 999.9
2011   1  5  7 999.9
2011   1  6  0 999.9
2011   1  7  0 999.9
2011   1  8  0 999.9
2011   1  9  7 999.9
2011   1 10  7 999.9
2011   1 11  7 999.9
2011   1 12 10 999.9
2011   1 13 10 999.9
2011   1 14 10 999.9
2011   1 15 13 999.9
2011   1 16 13 999.9
2011   1 17 13 999.9
2011   1 18  7 999.9
2011   1 19  7 999.9
2011   1 20  7 999.9
2011   1 21 20 999.9
2011   1 22 20 999.9
2011   1 23 20 999.9
2011   2  0 13  88.1
2011   2  1 13  88.1
2011   2  2 13  88.1
2011   2  3 17  88.1
2011   2  4 17  88.1
2011   2  5 17  88.1
2011   2  6  3  88.1
2011   2  7  3  88.1
2011   2  8  3  88.1
2011   2  9  7  88.1
2011   2 10  7  88.1
2011   2 11  7  88.1
2011   2 12  7  88.1
2011   2 13  7  88.1
2011   2 14  7  88.1
2011   2 15 13  88.1
2011   2 16 13  88.1
2011   2 17 13  88.1
2011   2 18 17  88.1
2011   2 19 17  88.1
2011   2 20 17  88.1
2011   2 21 13  88.1
2011   2 22 13  88.1
2011   2 23 13  88.1
2011   3  0  7  89.1
2011   3  1  7  89.1
2011   3  2  7  89.1
2011   3  3  7  89.1
2011   3  4  7  89.1
2011   3  5  7  89.1
2011   3  6  3  89.1
2011   3  7  3  89.1
2011   3  8  3  89.1
2011   3  9 10  89.1
2011   3 10 10  89.1
2011   3 11 10  89.1
2011   3 12 10  89.1
2011   3 13 10  89.1
2011   3 14 10  89.1
2011   3 15 20  89.1
2011   3 16 20  89.1
2011   3 17 20  89.1
2011   3 18 20  89.1
2011   3 19 20  89.1
2011   3 20 20  89.1
2011   3 21 23  89.1
2011   3 22 23  89.1
2011   3 23 23  89.1
2011   4  0 13  87.6
2011   4  1 13  87.6
2011   4  2 13  87.6
2011   4  3 27  87.6
2011   4  4 27  87.6
2011   4  5 27  87.6
2011   4  6 10  87.6
2011   4  7 10  87.6
2011   4  8 10  87.6
2011   4  9 10  87.6
2011   4 10 10  87.6
2011   4 11 10  87.6
2011   4 12 13  87.6
2011   4 13 13  87.6
2011   4 14 13  87.6
2011   4 15 17  87.6
2011   4 16 17  87.6
2011   4 17 17  87.6
2011   4 18 17  87.6
2011   4 19 17  87.6
2011   4 20 17  87.6
2011   4 21  7  87.6
2011   4 22  7  87.6
2011   4 23  7  87.6
2011   5  0  0  84.8
2011   5  1  0  84.8
2011   5  2  0  84.8
2011   5  3  0  84.8
2011   5  4  0  84.8
2011   5  5  0  84.8
2011   5  6  0  84.8
2011   5  7  0  84.8
2011   5  8  0  84.8
2011   5  9  7  84.8
2011   5 10  7  84.8
2011   5 11  7  84.8
2011   5 12  7  84.8
2011   5 13  7  84.8
2011   5 14  7  84.8
2011   5 15  7  84.8
2011   5 16  7  84.8
2011   5 17  7  84.8
2011   5 18 13  84.8
2011   5 19 13  84.8
2011   5 20 13  84.8
2011   5 21 10  84.8
2011   5 22 10  84.8
2011   5 23 10  84.8
2011   6  0 13  83.9
2011   6  1 13  83.9
2011   6  2 13  83.9
2011   6  3  3  83.9
2011   6  4  3  83.9
2011   6  5  3  83.9
2011   6  6  0  83.9
2011   6  7  0  83.9
2011   6  8  0  83.9
2011   6  9  3  83.9
2011   6 10  3  83.9
2011   6 11  3  83.9
2011   6 12  3  83.9
2011   6 13  3  83.9
2011   6 14  3  83.9
2011   6 15 10  83.9
2011   6 16 10  83.9
2011   6 17 10  83.9
2011   6 18 20  83.9
2011   6 19 20  83.9
2011   6 20 20  83.9
2011   6 21 43  83.9
2011   6 22 43  83.9
2011   6 23 43  83.9
2011   7  0 50  83.5
2011   7  1 50  83.5
2011   7  2 50  83.5
2011   7  3 27  83.5
2011   7  4 27  83.5
2011   7  5 27  83.5
2011   7  6 23  83.5
2011   7  7 23  83.5
2011   7  8 23  83.5
2011   7  9 23  83.5
2011   7 10 23  83.5
2011   7 11 23  83.5
2011   7 12 20  83.5
2011   7 13 20  83.5
2011   7 14 20  83.5
2011   7 15 23  83.5
2011   7 16 23  83.5
2011   7 17 23  83.5
2011   7 18 30  83.5
2011   7 19 30  83.5
2011   7 20 30  83.5
2011   7 21 30  83.5
2011   7 22 30  83.5
2011   7 23 30  83.5
2011   8  0 20  82.0
2011   8  1 20  82.0
2011   8  2 20  82.0
2011   8  3 17  82.0
2011   8  4 17  82.0
2011   8  5 17  82.0
2011   8  6 17  82.0
2011   8  7 17  82.0
2011   8  8 17  82.0
2011   8  9 23  82.0
2011   8 10 23  82.0
2011   8 11 23  82.0
2011   8 12 27  82.0
2011   8 13 27  82.0
2011   8 14 27  82.0
2011   8 15 23  82.0
2011   8 16 23  82.0
2011   8 17 23  82.0
2011   8 18 20  82.0
2011   8 19 20  82.0
2011   8 20 20  82.0
2011   8 21 23  82.0
2011   8 22 23  82.0
2011   8 23 23  82.0
2011   9  0 13  80.0
2011   9  1 13  80.0
2011   9  2 13  80.0
2011   9  3 27  80.0
2011   9  4 27  80.0
2011   9  5 27  80.0
2011   9  6  7  80.0
2011   9  7  7  80.0
2011   9  8  7  80.0
2011   9  9 13  80.0
2011   9 10 13  80.0
2011   9 11 13  80.0
2011   9 12 10  80.0
2011   9 13 10  80.0
2011   9 14 10  80.0
2011   9 15 23  80.0
2011   9 16 23  80.0
2011   9 17 23  80.0
2011   9 18 23  80.0
2011   9 19 23  80.0
2011   9 20 23  80.0
2011   9 21 27  80.0
2011   9 22 27  80.0
2011   9 23 27  80.0
2011  10  0 27  80.6
2011  10  1 27  80.6
2011  10  2 27  80.6
2011  10  3 13  80.6
2011  10  4 13  80.6
2011  10  5 13  80.6
2011  10  6 17  80.6
2011  10  7 17  80.6
2011  10  8 17  80.6
2011  10  9 13  80.6
2011  10 10 13  80.6
2011  10 11 13  80.6
2011  10 12 17  80.6
2011  10 13 17  80.6
2011  10 14 17  80.6
2011  10 15  7  80.6
2011  10 16  7  80.6
2011  10 17  7  80.6
2011  10 18 17  80.6
2011  10 19 17  80.6
2011  10 20 17  80.6
2011  10 21 13  80.6
2011  10 22 13  80.6
2011  10 23 13  80.6
2011  11  0 13  79.9
2011  11  1 13  79.9
2011  11  2 13  79.9
2011  11  3 20  79.9
2011  11  4 20  79.9
2011  11  5 20  79.9
2011  11  6  3  79.9
2011  11  7  3  79.9
2011  11  8  3  79.9
2011  11  9  7  79.9
2011  11 10  7  79.9
2011  11 11  7  79.9
2011  11 12 17  79.9
2011  11 13 17  79.9
2011  11 14 17  79.9
2011  11 15 27  79.9
2011  11 16 27  79.9
2011  11 17 27  79.9
2011  11 18 27  79.9
2011  11 19 27  79.9
2011  11 20 27  79.9
2011  11 21 30  79.9
2011  11 22 30  79.9
2011  11 23 30  79.9
2011  12  0 17  77.4
2011  12  1 17  77.4
2011  12  2 17  77.4
2011  12  3 23  77.4
2011  12  4 23  77.4
2011  12  5 23  77.4
2011  12  6 17  77.4
2011  12  7 17  77.4
2011  12  8 17  77.4
2011  12  9 23  77.4
2011  12 10 23  77.4
2011  12 11 23  77.4
2011  12 12 10  77.4
2011  12 13 10  77.4
2011  12 14 10  77.4
2011  12 15  7  77.4
2011  12 16  7  77.4
2011  12 17  7  77.4
2011  12 18 20  77.4
2011  12 19 20  77.4
2011  12 20 20  77.4
2011  12 21 17  77.4
2011  12 22 17  77.4
2011  12 23 17  77.4
2011  13  0 23  76.9
2011  13  1 23  76.9
2011  13  2 23  76.9
2011  13  3 17  76.9
2011  13  4 17  76.9
2011  13  5 17  76.9
2011  13  6  3  76.9
2011  13  7  3  76.9
2011  13  8  3  76.9
2011  13  9  3  76.9
2011  13 10  3  76.9
2011  13 11  3  76.9
2011  13 12 17  76.9
2011  13 13 17  76.9
2011  13 14 17  76.9
2011  13 15 27  76.9
2011  13 16 27  76.9
2011  13 17 27  76.9
2011  13 18 30  76.9
2011  13 19 30  76.9
2011  13 20 30  76.9
2011  13 21 33  76.9
2011  13 22 33  76.9
2011  13 23 33  76.9
2011  14  0 27  76.7
2011  14  1 27  76.7
2011  14  2 27  76.7
2011  14  3 20  76.7
2011  14  4 20  76.7
2011  14  5 20  76.7
2011  14  6 23  76.7
2011  14  7 23  76.7
2011  14  8 23  76.7
2011  14  9 17  76.7
2011  14 10 17  76.7
2011  14 11 17  76.7
2011  14 12 20  76.7
2011  14 13 20  76.7
2011  14 14 20  76.7
2011  14 15 30  76.7
2011  14 16 30  76.7
2011  14 17 30  76.7
2011  14 18 23  76.7
2011  14 19 23  76.7
2011  14 20 23  76.7
2011  14 21 23  76.7
2011  14 22 23  76.7
2011  14 23 23  76.7
2011  15  0 10  77.6
2011  15  1 10  77.6
2011  15  2 10  77.6
2011  15  3 23  77.6
2011  15  4 23  77.6
2011  15  5 23  77.6
2011  15  6 10  77.6
2011  15  7 10  77.6
2011  15  8 10  77.6
2011  15  9 13  77.6
2011  15 10 13  77.6
2011  15 11 13  77.6
2011  15 12 20  77.6
2011  15 13 20  77.6
2011  15 14 20  77.6
2011  15 15 10  77.6
2011  15 16 10  77.6
2011  15 17 10  77.6
2011  15 18 10  77.6
2011  15 19 10  77.6
2011  15 20 10  77.6
2011  15 21  7  77.6
2011  15 22  7  77.6
2011  15 23  7  77.6
2011  16  0 13  77.8
2011  16  1 13  77.8
2011  16  2 13  77.8
2011  16  3 10  77.8
2011  16  4 10  77.8
2011  16  5 10  77.8
2011  16  6  3  77.8
2011  16  7  3  77.8
2011  16  8  3  77.8
2011  16  9  3  77.8
2011  16 10  3  77.8
2011  16 11  3  77.8
2011  16 12 20  77.8
2011  16 13 20  77.8
2011  16 14 20  77.8
2011  16 15 20  77.8
2011  16 16 20  77.8
2011  16 17 20  77.8
2011  16 18 20  77.8
2011  16 19 20  77.8
2011  16 20 20  77.8
2011  16 21 10  77.8
2011  16 22 10  77.8
2011  16 23 10  77.8
2011  17  0 23  79.1
2011  17  1 23  79.1
2011  17  2 23  79.1
2011  17  3 23  79.1
2011  17  4 23  79.1
2011  17  5 23  79.1
2011  17  6 13  79.1
2011  17  7 13  79.1
2011  17  8 13  79.1
2011  17  9 13  79.1
2011  17 10 13  79.1
2011  17 11 13  79.1
2011  17 12 17  79.1
2011  17 13 17  79.1
2011  17 14 17  79.1
2011  17 15 13  79.1
2011  17 16 13  79.1
2011  17 17 13  79.1
2011  17 18 10  79.1
2011  17 19 10  79.1
2011  17 20 10  79.1
2011  17 21 17  79.1
2011  17 22 17  79.1
2011  17 23 17  79.1
2011  18  0 23  78.4
2011  18  1 23  78.4
2011  18  2 23  78.4
2011  18  3 13  78.4
2011  18  4 13  78.4
2011  18  5 13  78.4
2011  18  6 13  78.4
2011  18  7 13  78.4
2011  18  8 13  78.4
2011  18  9  3  78.4
2011  18 10  3  78.4
2011  18 11  3  78.4
2011  18 12  7  78.4
2011  18 13  7  78.4
2011  18 14  7  78.4
2011  18 15 10  78.4
2011  18 16 10  78.4
2011  18 17 10  78.4
2011  18 18  7  78.4
2011  18 19  7  78.4
2011  18 20  7  78.4
2011  18 21 17  78.4
2011  18 22 17  78.4
2011  18 23 17  78.4
2011  19  0 27  78.2
2011  19  1 27  78.2
2011  19  2 27  78.2
2011  19  3 23  78.2
2011  19  4 23  78.2
2011  19  5 23  78.2
2011  19  6 17  78.2
2011  19  7 17  78.2
2011  19  8 17  78.2
2011  19  9 27  78.2
2011  19 10 27  78.2
2011  19 11 27  78.2
2011  19 12 23  78.2
2011  19 13 23  78.2
2011  19 14 23  78.2
2011  19 15 23  78.2
2011  19 16 23  78.2
2011  19 17 23  78.2
2011  19 18 20  78.2
2011  19 19 20  78.2
2011  19 20 20  78.2
2011  19 21 10  78.2
2011  19 22 10  78.2
2011  19 23 10  78.2
2011  20  0  7  79.7
2011  20  1  7  79.7
2011  20  2  7  79.7
2011  20  3  7  79.7
2011  20  4  7  79.7
2011  20  5  7  79.7
2011  20  6 10  79.7
2011  20  7 10  79.7
2011  20  8 10  79.7
2011  20  9 17  79.7
2011  20 10 17  79.7
2011  20 11 17  79.7
2011  20 12 17  79.7
2011  20 13 17  79.7
2011  20 14 17  79.7
2011  20 15 13  79.7
2011  20 16 13  79.7
2011  20 17 13  79.7
2011  20 18 20  79.7
2011  20 19 20  79.7
2011  20 20 20  79.7
2011  20 21  7  79.7
2011  20 22  7  79.7
2011  20 23  7  79.7
2011  21  0  3  84.8
2011  21  1  3  84.8
2011  21  2  3  84.8
2011  21  3  7  84.8
2011  21  4  7  84.8
2011  21  5  7  84.8
2011  21  6  0  84.8
2011  21  7  0  84.8
2011  21  8  0  84.8
2011  21  9  3  84.8
2011  21 10  3  84.8
2011  21 11  3  84.8
2011  21 12 13  84.8
2011  21 13 13  84.8
2011  21 14 13  84.8
2011  21 15 17  84.8
2011  21 16 17  84.8
2011  21 17 17  84.8
2011  21 18 10  84.8
2011  21 19 10  84.8
2011  21 20 10  84.8
2011  21 21 10  84.8
2011  21 22 10  84.8
2011  21 23 10  84.8
2011  22  0 13  84.9
2011  22  1 13  84.9
2011  22  2 13  84.9
2011  22  3 17  84.9
2011  22  4 17  84.9
2011  22  5 17  84.9
2011  22  6 10  84.9
2011  22  7 10  84.9
2011  22  8 10  84.9
2011  22  9  0  84.9
2011  22 10  0  84.9
2011  22 11  0  84.9
2011  22 12 10  84.9
2011  22 13 10  84.9
2011  22 14 10  84.9
2011  22 15  7  84.9
2011  22 16  7  84.9
2011  22 17  7  84.9
2011  22 18 13  84.9
2011  22 19 13  84.9
2011  22 20 13  84.9
2011  22 21  3  84.9
2011  22 22  3  84.9
2011  22 23  3  84.9
2011  23  0  3  81.7
2011  23  1  3  81.7
2011  23  2  3  81.7
2011  23  3  3  81.7
2011  23  4  3  81.7
2011  23  5  3  81.7
2011  23  6  7  81.7
2011  23  7  7  81.7
2011  23  8  7  81.7
2011  23  9  7  81.7
2011  23 10  7  81.7
2011  23 11  7  81.7
2011  23 12 10  81.7
2011  23 13 10  81.7
2011  23 14 10  81.7
2011  23 15  7  81.7
2011  23 16  7  81.7
2011  23 17  7  81.7
2011  23 18  0  81.7
2011  23 19  0  81.7
2011  23 20  0  81.7
2011  23 21  0  81.7
2011  23 22  0  81.7
2011  23 23  0  81.7
2011  24  0  0  79.9
2011  24  1  0  79.9
2011  24  2  0  79.9
2011  24  3  3  79.9
2011  24  4  3  79.9
2011  24  5  3  79.9
2011  24  6 17  79.9
2011  24  7 17  79.9
2011  24  8 17  79.9
2011  24  9 10  79.9
2011  24 10 10  79.9
2011  24 11 10  79.9
2011  24 12  7  79.9
2011  24 13  7  79.9
2011  24 14  7  79.9
2011  24 15 13  79.9
2011  24 16 13  79.9
2011  24 17 13  79.9
2011  24 18 20  79.9
2011  24 19 20  79.9
2011  24 20 20  79.9
2011  24 21 23  79.9
2011  24 22 23  79.9
2011  24 23 23  79.9
2011  25  0 30  78.0
2011  25  1 30  78.0
2011  25  2 30  78.0
2011  25  3  7  78.0
2011  25  4  7  78.0
2011  25  5  7  78.0
2011  25  6 10  78.0
2011  25  7 10  78.0
2011  25  8 10  78.0
2011  25  9 13  78.0
2011  25 10 13  78.0
2011  25 11 13  78.0
2011  25 12 10  78.0
2011  25 13 10  78.0
2011  25 14 10  78.0
2011  25 15 10  78.0
2011  25 16 10  78.0
2011  25 17 10  78.0
2011  25 18 13  78.0
2011  25 19 13  78.0
2011  25 20 13  78.0
2011  25 21 23  78.0
2011  25 22 23  78.0
2011  25 23 23  78.0
2011  26  0 13  77.6
2011  26  1 13  77.6
2011  26  2 13  77.6
2011  26  3  7  77.6
2011  26  4  7  77.6
2011  26  5  7  77.6
2011  26  6  7  77.6
2011  26  7  7  77.6
2011  26  8  7  77.6
2011  26  9  0  77.6
2011  26 10  0  77.6
2011  26 11  0  77.6
2011  26 12  3  77.6
2011  26 13  3  77.6
2011  26 14  3  77.6
2011  26 15 13  77.6
2011  26 16 13  77.6
2011  26 17 13  77.6
2011  26 18 20  77.6
2011  26 19 20  77.6
2011  26 20 20  77.6
2011  26 21  7  77.6
2011  26 22  7  77.6
2011  26 23  7  77.6
2011  27  0 13  78.1
2011  27  1 13  78.1
2011  27  2 13  78.1
2011  27  3  0  78.1
2011  27  4  0  78.1
2011  27  5  0  78.1
2011  27  6 10  78.1
2011  27  7 10  78.1
2011  27  8 10  78.1
2011  27  9  7  78.1
2011  27 10  7  78.1
2011  27 11  7  78.1
2011  27 12  7  78.1
2011  27 13  7  78.1
2011  27 14  7  78.1
2011  27 15  3  78.1
2011  27 16  3  78.1
2011  27 17  3  78.1
2011  27 18 10  78.1
2011  27 19 10  78.1
2011  27 20 10  78.1
2011  27 21  3  78.1
2011  27 22  3  78.1
2011  27 23  3  78.1
2011  28  0 20  78.1
2011  28  1 20  78.1
2011  28  2 20  78.1
2011  28  3 10  78.1
2011  28  4 10  78.1
2011  28  5 10  78.1
2011  28  6  3  78.1
2011  28  7  3  78.1
2011  28  8  3  78.1
2011  28  9  7  78.1
2011  28 10  7  78.1
2011  28 11  7  78.1
2011  28 12  3  78.1
2011  28 13  3  78.1
2011  28 14  3  78.1
2011  28 15 23  78.1
2011  28 16 23  78.1
2011  28 17 23  78.1
2011  28 18 17  78.1
2011  28 19 17  78.1
2011  28 20 17  78.1
2011  28 21 17  78.1
2011  28 22 17  78.1
2011  28 23 17  78.1
2011  29  0 27  79.0
2011  29  1 27  79.0
2011  29  2 27  79.0
2011  29  3 17  79.0
2011  29  4 17  79.0
2011  29  5 17  79.0
2011  29  6  7  79.0
2011  29  7  7  79.0
2011  29  8  7  79.0
2011  29  9  7  79.0
2011  29 10  7  79.0
2011  29 11  7  79.0
2011  29 12 10  79.0
2011  29 13 10  79.0
2011  29 14 10  79.0
2011  29 15 13  79.0
2011  29 16 13  79.0
2011  29 17 13  79.0
2011  29 18  0  79.0
2011  29 19  0  79.0
2011  29 20  0  79.0
2011  29 21  0  79.0
2011  29 22  0  79.0
2011  29 23  0  79.0
2011  30  0  3  80.2
2011  30  1  3  80.2
2011  30  2  3  80.2
2011  30  3  3  80.2
2011  30  4  3  80.2
2011  30  5  3  80.2
2011  30  6  3  80.2
2011  30  7  3  80.2
2011  30  8  3  80.2
2011  30  9  0  80.2
2011  30 10  0  80.2
2011  30 11  0  80.2
2011  30 12  0  80.2
2011  30 13  0  80.2
2011  30 14  0  80.2
2011  30 15  0  80.2
2011  30 16  0  80.2
2011  30 17  0  80.2
2011  30 18  0  80.2
2011  30 19  0  80.2
2011  30 20  0  80.2
2011  30 21  3  80.2
2011  30 22  3  80.2
2011  30 23  3  80.2
2011  31  0  0  78.9
2011  31  1  0  78.9
2011  31  2  0  78.9
2011  31  3  7  78.9
2011  31  4  7  78.9
2011  31  5  7  78.9
2011  31  6  3  78.9
2011  31  7  3  78.9
2011  31  8  3  78.9
2011  31  9  3  78.9
2011  31 10  3  78.9
2011  31 11  3  78.9
2011  31 12  3  78.9
2011  31 13  3  78.9
2011  31 14  3  78.9
2011  31 15 20  78.9
2011  31 16 20  78.9
2011  31 17 20  78.9
2011  31 18 27  78.9
2011  31 19 27  78.9
2011  31 20 27  78.9
2011  31 21 23  78.9
2011  31 22 23  78.9
2011  31 23 23  78.9
