Year  DOY  Hour  Kp  F10.7
2003 334  0 20 148.6
2003 334  1 20 148.6
2003 334  2 20 148.6
2003 334  3 30 148.6
2003 334  4 30 148.6
2003 334  5 30 148.6
2003 334  6 10 148.6
2003 334  7 10 148.6
2003 334  8 10 148.6
2003 334  9 10 148.6
2003 334 10 10 148.6
2003 334 11 10 148.6
2003 334 12 23 148.6
2003 334 13 23 148.6
2003 334 14 23 148.6
2003 334 15 37 148.6
2003 334 16 37 148.6
2003 334 17 37 148.6
2003 334 18 37 148.6
2003 334 19 37 148.6
2003 334 20 37 148.6
2003 334 21 30 148.6
2003 334 22 30 148.6
2003 334 23 30 148.6
2003 335  0 27 139.3
2003 335  1 27 139.3
2003 335  2 27 139.3
2003 335  3 33 139.3
2003 335  4 33 139.3
2003 335  5 33 139.3
2003 335  6 23 139.3
2003 335  7 23 139.3
2003 335  8 23 139.3
2003 335  9 23 139.3
2003 335 10 23 139.3
2003 335 11 23 139.3
2003 335 12 13 139.3
2003 335 13 13 139.3
2003 335 14 13 139.3
2003 335 15 17 139.3
2003 335 16 17 139.3
2003 335 17 17 139.3
2003 335 18 13 139.3
2003 335 19 13 139.3
2003 335 20 13 139.3
2003 335 21 30 139.3
2003 335 22 30 139.3
2003 335 23 30 139.3
2003 336  0 27 135.4
2003 336  1 27 135.4
2003 336  2 27 135.4
2003 336  3 23 135.4
2003 336  4 23 135.4
2003 336  5 23 135.4
2003 336  6 27 135.4
2003 336  7 27 135.4
2003 336  8 27 135.4
2003 336  9 20 135.4
2003 336 10 20 135.4
2003 336 11 20 135.4
2003 336 12 13 135.4
2003 336 13 13 135.4
2003 336 14 13 135.4
2003 336 15  3 135.4
2003 336 16  3 135.4
2003 336 17  3 135.4
2003 336 18  3 135.4
2003 336 19  3 135.4
2003 336 20  3 135.4
2003 336 21 10 135.4
2003 336 22 10 135.4
2003 336 23 10 135.4
2003 337  0  7 120.3
2003 337  1  7 120.3
2003 337  2  7 120.3
2003 337  3  7 120.3
2003 337  4  7 120.3
2003 337  5  7 120.3
2003 337  6 10 120.3
2003 337  7 10 120.3
2003 337  8 10 120.3
2003 337  9  7 120.3
2003 337 10  7 120.3
2003 337 11  7 120.3
2003 337 12  7 120.3
2003 337 13  7 120.3
2003 337 14  7 120.3
2003 337 15 17 120.3
2003 337 16 17 120.3
2003 337 17 17 120.3
2003 337 18  3 120.3
2003 337 19  3 120.3
2003 337 20  3 120.3
2003 337 21 10 120.3
2003 337 22 10 120.3
2003 337 23 10 120.3
2003 338  0 13 112.5
2003 338  1 13 112.5
2003 338  2 13 112.5
2003 338  3  3 112.5
2003 338  4  3 112.5
2003 338  5  3 112.5
2003 338  6  7 112.5
2003 338  7  7 112.5
2003 338  8  7 112.5
2003 338  9  7 112.5
2003 338 10  7 112.5
2003 338 11  7 112.5
2003 338 12 10 112.5
2003 338 13 10 112.5
2003 338 14 10 112.5
2003 338 15 13 112.5
2003 338 16 13 112.5
2003 338 17 13 112.5
2003 338 18 17 112.5
2003 338 19 17 112.5
2003 338 20 17 112.5
2003 338 21 37 112.5
2003 338 22 37 112.5
2003 338 23 37 112.5
2003 339  0 30 108.5
2003 339  1 30 108.5
2003 339  2 30 108.5
2003 339  3 53 108.5
2003 339  4 53 108.5
2003 339  5 53 108.5
2003 339  6 57 108.5
2003 339  7 57 108.5
2003 339  8 57 108.5
2003 339  9 43 108.5
2003 339 10 43 108.5
2003 339 11 43 108.5
2003 339 12 50 108.5
2003 339 13 50 108.5
2003 339 14 50 108.5
2003 339 15 47 108.5
2003 339 16 47 108.5
2003 339 17 47 108.5
2003 339 18 37 108.5
2003 339 19 37 108.5
2003 339 20 37 108.5
2003 339 21 43 108.5
2003 339 22 43 108.5
2003 339 23 43 108.5
2003 340  0 47 105.7
2003 340  1 47 105.7
2003 340  2 47 105.7
2003 340  3 40 105.7
2003 340  4 40 105.7
2003 340  5 40 105.7
2003 340  6 37 105.7
2003 340  7 37 105.7
2003 340  8 37 105.7
2003 340  9 37 105.7
2003 340 10 37 105.7
2003 340 11 37 105.7
2003 340 12 30 105.7
2003 340 13 30 105.7
2003 340 14 30 105.7
2003 340 15 40 105.7
2003 340 16 40 105.7
2003 340 17 40 105.7
2003 340 18 33 105.7
2003 340 19 33 105.7
2003 340 20 33 105.7
2003 340 21 30 105.7
2003 340 22 30 105.7
2003 340 23 30 105.7
2003 341  0 30  89.3
2003 341  1 30  89.3
2003 341  2 30  89.3
2003 341  3 20  89.3
2003 341  4 20  89.3
2003 341  5 20  89.3
2003 341  6 23  89.3
2003 341  7 23  89.3
2003 341  8 23  89.3
2003 341  9 13  89.3
2003 341 10 13  89.3
2003 341 11 13  89.3
2003 341 12 30  89.3
2003 341 13 30  89.3
2003 341 14 30  89.3
2003 341 15 33  89.3
2003 341 16 33  89.3
2003 341 17 33  89.3
2003 341 18 37  89.3
2003 341 19 37  89.3
2003 341 20 37  89.3
2003 341 21 37  89.3
2003 341 22 37  89.3
2003 341 23 37  89.3
2003 342  0 27  90.9
2003 342  1 27  90.9
2003 342  2 27  90.9
2003 342  3 47  90.9
2003 342  4 47  90.9
2003 342  5 47  90.9
2003 342  6 40  90.9
2003 342  7 40  90.9
2003 342  8 40  90.9
2003 342  9 43  90.9
2003 342 10 43  90.9
2003 342 11 43  90.9
2003 342 12 47  90.9
2003 342 13 47  90.9
2003 342 14 47  90.9
2003 342 15 47  90.9
2003 342 16 47  90.9
2003 342 17 47  90.9
2003 342 18 53  90.9
2003 342 19 53  90.9
2003 342 20 53  90.9
2003 342 21 47  90.9
2003 342 22 47  90.9
2003 342 23 47  90.9
2003 343  0 33  89.4
2003 343  1 33  89.4
2003 343  2 33  89.4
2003 343  3 40  89.4
2003 343  4 40  89.4
2003 343  5 40  89.4
2003 343  6 43  89.4
2003 343  7 43  89.4
2003 343  8 43  89.4
2003 343  9 37  89.4
2003 343 10 37  89.4
2003 343 11 37  89.4
2003 343 12 43  89.4
2003 343 13 43  89.4
2003 343 14 43  89.4
2003 343 15 40  89.4
2003 343 16 40  89.4
2003 343 17 40  89.4
2003 343 18 40  89.4
2003 343 19 40  89.4
2003 343 20 40  89.4
2003 343 21 50  89.4
2003 343 22 50  89.4
2003 343 23 50  89.4
2003 344  0 53  86.5
2003 344  1 53  86.5
2003 344  2 53  86.5
2003 344  3 37  86.5
2003 344  4 37  86.5
2003 344  5 37  86.5
2003 344  6 40  86.5
2003 344  7 40  86.5
2003 344  8 40  86.5
2003 344  9 47  86.5
2003 344 10 47  86.5
2003 344 11 47  86.5
2003 344 12 43  86.5
2003 344 13 43  86.5
2003 344 14 43  86.5
2003 344 15 53  86.5
2003 344 16 53  86.5
2003 344 17 53  86.5
2003 344 18 50  86.5
2003 344 19 50  86.5
2003 344 20 50  86.5
2003 344 21 50  86.5
2003 344 22 50  86.5
2003 344 23 50  86.5
2003 345  0 57  83.4
2003 345  1 57  83.4
2003 345  2 57  83.4
2003 345  3 47  83.4
2003 345  4 47  83.4
2003 345  5 47  83.4
2003 345  6 50  83.4
2003 345  7 50  83.4
2003 345  8 50  83.4
2003 345  9 50  83.4
2003 345 10 50  83.4
2003 345 11 50  83.4
2003 345 12 43  83.4
2003 345 13 43  83.4
2003 345 14 43  83.4
2003 345 15 43  83.4
2003 345 16 43  83.4
2003 345 17 43  83.4
2003 345 18 37  83.4
2003 345 19 37  83.4
2003 345 20 37  83.4
2003 345 21 43  83.4
2003 345 22 43  83.4
2003 345 23 43  83.4
2003 346  0 43  84.5
2003 346  1 43  84.5
2003 346  2 43  84.5
2003 346  3 37  84.5
2003 346  4 37  84.5
2003 346  5 37  84.5
2003 346  6 37  84.5
2003 346  7 37  84.5
2003 346  8 37  84.5
2003 346  9 33  84.5
2003 346 10 33  84.5
2003 346 11 33  84.5
2003 346 12 37  84.5
2003 346 13 37  84.5
2003 346 14 37  84.5
2003 346 15 33  84.5
2003 346 16 33  84.5
2003 346 17 33  84.5
2003 346 18 40  84.5
2003 346 19 40  84.5
2003 346 20 40  84.5
2003 346 21 47  84.5
2003 346 22 47  84.5
2003 346 23 47  84.5
2003 347  0 47  85.0
2003 347  1 47  85.0
2003 347  2 47  85.0
2003 347  3 37  85.0
2003 347  4 37  85.0
2003 347  5 37  85.0
2003 347  6 30  85.0
2003 347  7 30  85.0
2003 347  8 30  85.0
2003 347  9 40  85.0
2003 347 10 40  85.0
2003 347 11 40  85.0
2003 347 12 43  85.0
2003 347 13 43  85.0
2003 347 14 43  85.0
2003 347 15 40  85.0
2003 347 16 40  85.0
2003 347 17 40  85.0
2003 347 18 37  85.0
2003 347 19 37  85.0
2003 347 20 37  85.0
2003 347 21 40  85.0
2003 347 22 40  85.0
2003 347 23 40  85.0
2003 348  0 40  89.5
2003 348  1 40  89.5
2003 348  2 40  89.5
2003 348  3 33  89.5
2003 348  4 33  89.5
2003 348  5 33  89.5
2003 348  6 27  89.5
2003 348  7 27  89.5
2003 348  8 27  89.5
2003 348  9 33  89.5
2003 348 10 33  89.5
2003 348 11 33  89.5
2003 348 12 37  89.5
2003 348 13 37  89.5
2003 348 14 37  89.5
2003 348 15 50  89.5
2003 348 16 50  89.5
2003 348 17 50  89.5
2003 348 18 47  89.5
2003 348 19 47  89.5
2003 348 20 47  89.5
2003 348 21 43  89.5
2003 348 22 43  89.5
2003 348 23 43  89.5
2003 349  0 47  97.7
2003 349  1 47  97.7
2003 349  2 47  97.7
2003 349  3 43  97.7
2003 349  4 43  97.7
2003 349  5 43  97.7
2003 349  6 37  97.7
2003 349  7 37  97.7
2003 349  8 37  97.7
2003 349  9 37  97.7
2003 349 10 37  97.7
2003 349 11 37  97.7
2003 349 12 47  97.7
2003 349 13 47  97.7
2003 349 14 47  97.7
2003 349 15 37  97.7
2003 349 16 37  97.7
2003 349 17 37  97.7
2003 349 18 27  97.7
2003 349 19 27  97.7
2003 349 20 27  97.7
2003 349 21 30  97.7
2003 349 22 30  97.7
2003 349 23 30  97.7
2003 350  0 23 103.0
2003 350  1 23 103.0
2003 350  2 23 103.0
2003 350  3 27 103.0
2003 350  4 27 103.0
2003 350  5 27 103.0
2003 350  6 27 103.0
2003 350  7 27 103.0
2003 350  8 27 103.0
2003 350  9 27 103.0
2003 350 10 27 103.0
2003 350 11 27 103.0
2003 350 12 17 103.0
2003 350 13 17 103.0
2003 350 14 17 103.0
2003 350 15 27 103.0
2003 350 16 27 103.0
2003 350 17 27 103.0
2003 350 18 27 103.0
2003 350 19 27 103.0
2003 350 20 27 103.0
2003 350 21 20 103.0
2003 350 22 20 103.0
2003 350 23 20 103.0
2003 351  0 23 113.8
2003 351  1 23 113.8
2003 351  2 23 113.8
2003 351  3 27 113.8
2003 351  4 27 113.8
2003 351  5 27 113.8
2003 351  6 20 113.8
2003 351  7 20 113.8
2003 351  8 20 113.8
2003 351  9 17 113.8
2003 351 10 17 113.8
2003 351 11 17 113.8
2003 351 12 17 113.8
2003 351 13 17 113.8
2003 351 14 17 113.8
2003 351 15 20 113.8
2003 351 16 20 113.8
2003 351 17 20 113.8
2003 351 18 10 113.8
2003 351 19 10 113.8
2003 351 20 10 113.8
2003 351 21  3 113.8
2003 351 22  3 113.8
2003 351 23  3 113.8
2003 352  0  7 119.1
2003 352  1  7 119.1
2003 352  2  7 119.1
2003 352  3 20 119.1
2003 352  4 20 119.1
2003 352  5 20 119.1
2003 352  6 10 119.1
2003 352  7 10 119.1
2003 352  8 10 119.1
2003 352  9 10 119.1
2003 352 10 10 119.1
2003 352 11 10 119.1
2003 352 12  7 119.1
2003 352 13  7 119.1
2003 352 14  7 119.1
2003 352 15  7 119.1
2003 352 16  7 119.1
2003 352 17  7 119.1
2003 352 18  0 119.1
2003 352 19  0 119.1
2003 352 20  0 119.1
2003 352 21  0 119.1
2003 352 22  0 119.1
2003 352 23  0 119.1
2003 353  0  0 118.6
2003 353  1  0 118.6
2003 353  2  0 118.6
2003 353  3  0 118.6
2003 353  4  0 118.6
2003 353  5  0 118.6
2003 353  6  7 118.6
2003 353  7  7 118.6
2003 353  8  7 118.6
2003 353  9  3 118.6
2003 353 10  3 118.6
2003 353 11  3 118.6
2003 353 12  7 118.6
2003 353 13  7 118.6
2003 353 14  7 118.6
2003 353 15  0 118.6
2003 353 16  0 118.6
2003 353 17  0 118.6
2003 353 18  0 118.6
2003 353 19  0 118.6
2003 353 20  0 118.6
2003 353 21  7 118.6
2003 353 22  7 118.6
2003 353 23  7 118.6
2003 354  0  3 125.9
2003 354  1  3 125.9
2003 354  2  3 125.9
2003 354  3 13 125.9
2003 354  4 13 125.9
2003 354  5 13 125.9
2003 354  6 10 125.9
2003 354  7 10 125.9
2003 354  8 10 125.9
2003 354  9 33 125.9
2003 354 10 33 125.9
2003 354 11 33 125.9
2003 354 12 30 125.9
2003 354 13 30 125.9
2003 354 14 30 125.9
2003 354 15 47 125.9
2003 354 16 47 125.9
2003 354 17 47 125.9
2003 354 18 33 125.9
2003 354 19 33 125.9
2003 354 20 33 125.9
2003 354 21 40 125.9
2003 354 22 40 125.9
2003 354 23 40 125.9
2003 355  0 43 129.1
2003 355  1 43 129.1
2003 355  2 43 129.1
2003 355  3 43 129.1
2003 355  4 43 129.1
2003 355  5 43 129.1
2003 355  6 40 129.1
2003 355  7 40 129.1
2003 355  8 40 129.1
2003 355  9 33 129.1
2003 355 10 33 129.1
2003 355 11 33 129.1
2003 355 12 30 129.1
2003 355 13 30 129.1
2003 355 14 30 129.1
2003 355 15 40 129.1
2003 355 16 40 129.1
2003 355 17 40 129.1
2003 355 18 37 129.1
2003 355 19 37 129.1
2003 355 20 37 129.1
2003 355 21 33 129.1
2003 355 22 33 129.1
2003 355 23 33 129.1
2003 356  0 30 133.2
2003 356  1 30 133.2
2003 356  2 30 133.2
2003 356  3 33 133.2
2003 356  4 33 133.2
2003 356  5 33 133.2
2003 356  6 33 133.2
2003 356  7 33 133.2
2003 356  8 33 133.2
2003 356  9 33 133.2
2003 356 10 33 133.2
2003 356 11 33 133.2
2003 356 12 33 133.2
2003 356 13 33 133.2
2003 356 14 33 133.2
2003 356 15 37 133.2
2003 356 16 37 133.2
2003 356 17 37 133.2
2003 356 18 30 133.2
2003 356 19 30 133.2
2003 356 20 30 133.2
2003 356 21 33 133.2
2003 356 22 33 133.2
2003 356 23 33 133.2
2003 357  0 20 137.4
2003 357  1 20 137.4
2003 357  2 20 137.4
2003 357  3 20 137.4
2003 357  4 20 137.4
2003 357  5 20 137.4
2003 357  6 13 137.4
2003 357  7 13 137.4
2003 357  8 13 137.4
2003 357  9 20 137.4
2003 357 10 20 137.4
2003 357 11 20 137.4
2003 357 12 23 137.4
2003 357 13 23 137.4
2003 357 14 23 137.4
2003 357 15 23 137.4
2003 357 16 23 137.4
2003 357 17 23 137.4
2003 357 18 23 137.4
2003 357 19 23 137.4
2003 357 20 23 137.4
2003 357 21 17 137.4
2003 357 22 17 137.4
2003 357 23 17 137.4
2003 358  0 10 134.4
2003 358  1 10 134.4
2003 358  2 10 134.4
2003 358  3 20 134.4
2003 358  4 20 134.4
2003 358  5 20 134.4
2003 358  6 10 134.4
2003 358  7 10 134.4
2003 358  8 10 134.4
2003 358  9  7 134.4
2003 358 10  7 134.4
2003 358 11  7 134.4
2003 358 12 17 134.4
2003 358 13 17 134.4
2003 358 14 17 134.4
2003 358 15 27 134.4
2003 358 16 27 134.4
2003 358 17 27 134.4
2003 358 18 17 134.4
2003 358 19 17 134.4
2003 358 20 17 134.4
2003 358 21 23 134.4
2003 358 22 23 134.4
2003 358 23 23 134.4
2003 359  0 17 134.6
2003 359  1 17 134.6
2003 359  2 17 134.6
2003 359  3  7 134.6
2003 359  4  7 134.6
2003 359  5  7 134.6
2003 359  6  7 134.6
2003 359  7  7 134.6
2003 359  8  7 134.6
2003 359  9 10 134.6
2003 359 10 10 134.6
2003 359 11 10 134.6
2003 359 12 23 134.6
2003 359 13 23 134.6
2003 359 14 23 134.6
2003 359 15 20 134.6
2003 359 16 20 134.6
2003 359 17 20 134.6
2003 359 18  3 134.6
2003 359 19  3 134.6
2003 359 20  3 134.6
2003 359 21 13 134.6
2003 359 22 13 134.6
2003 359 23 13 134.6
2003 360  0 27 132.7
2003 360  1 27 132.7
2003 360  2 27 132.7
2003 360  3 27 132.7
2003 360  4 27 132.7
2003 360  5 27 132.7
2003 360  6 10 132.7
2003 360  7 10 132.7
2003 360  8 10 132.7
2003 360  9 13 132.7
2003 360 10 13 132.7
2003 360 11 13 132.7
2003 360 12 13 132.7
2003 360 13 13 132.7
2003 360 14 13 132.7
2003 360 15 17 132.7
2003 360 16 17 132.7
2003 360 17 17 132.7
2003 360 18 13 132.7
2003 360 19 13 132.7
2003 360 20 13 132.7
2003 360 21 27 132.7
2003 360 22 27 132.7
2003 360 23 27 132.7
2003 361  0 17 122.4
2003 361  1 17 122.4
2003 361  2 17 122.4
2003 361  3 30 122.4
2003 361  4 30 122.4
2003 361  5 30 122.4
2003 361  6 10 122.4
2003 361  7 10 122.4
2003 361  8 10 122.4
2003 361  9 27 122.4
2003 361 10 27 122.4
2003 361 11 27 122.4
2003 361 12 17 122.4
2003 361 13 17 122.4
2003 361 14 17 122.4
2003 361 15 20 122.4
2003 361 16 20 122.4
2003 361 17 20 122.4
2003 361 18 23 122.4
2003 361 19 23 122.4
2003 361 20 23 122.4
2003 361 21 43 122.4
2003 361 22 43 122.4
2003 361 23 43 122.4
2003 362  0 37 115.1
2003 362  1 37 115.1
2003 362  2 37 115.1
2003 362  3 37 115.1
2003 362  4 37 115.1
2003 362  5 37 115.1
2003 362  6 20 115.1
2003 362  7 20 115.1
2003 362  8 20 115.1
2003 362  9 23 115.1
2003 362 10 23 115.1
2003 362 11 23 115.1
2003 362 12 27 115.1
2003 362 13 27 115.1
2003 362 14 27 115.1
2003 362 15 23 115.1
2003 362 16 23 115.1
2003 362 17 23 115.1
2003 362 18 33 115.1
2003 362 19 33 115.1
2003 362 20 33 115.1
2003 362 21 20 115.1
2003 362 22 20 115.1
2003 362 23 20 115.1
2003 363  0 13 110.7
2003 363  1 13 110.7
2003 363  2 13 110.7
2003 363  3  0 110.7
2003 363  4  0 110.7
2003 363  5  0 110.7
2003 363  6 10 110.7
2003 363  7 10 110.7
2003 363  8 10 110.7
2003 363  9 17 110.7
2003 363 10 17 110.7
2003 363 11 17 110.7
2003 363 12 17 110.7
2003 363 13 17 110.7
2003 363 14 17 110.7
2003 363 15 30 110.7
2003 363 16 30 110.7
2003 363 17 30 110.7
2003 363 18 10 110.7
2003 363 19 10 110.7
2003 363 20 10 110.7
2003 363 21  3 110.7
2003 363 22  3 110.7
2003 363 23  3 110.7
2003 364  0 10 104.2
2003 364  1 10 104.2
2003 364  2 10 104.2
2003 364  3 10 104.2
2003 364  4 10 104.2
2003 364  5 10 104.2
2003 364  6 13 104.2
2003 364  7 13 104.2
2003 364  8 13 104.2
2003 364  9  3 104.2
2003 364 10  3 104.2
2003 364 11  3 104.2
2003 364 12 13 104.2
2003 364 13 13 104.2
2003 364 14 13 104.2
2003 364 15 13 104.2
2003 364 16 13 104.2
2003 364 17 13 104.2
2003 364 18 30 104.2
2003 364 19 30 104.2
2003 364 20 30 104.2
2003 364 21 23 104.2
2003 364 22 23 104.2
2003 364 23 23 104.2
2003 365  0 30 102.1
2003 365  1 30 102.1
2003 365  2 30 102.1
2003 365  3 20 102.1
2003 365  4 20 102.1
2003 365  5 20 102.1
2003 365  6 13 102.1
2003 365  7 13 102.1
2003 365  8 13 102.1
2003 365  9 23 102.1
2003 365 10 23 102.1
2003 365 11 23 102.1
2003 365 12 30 102.1
2003 365 13 30 102.1
2003 365 14 30 102.1
2003 365 15 47 102.1
2003 365 16 47 102.1
2003 365 17 47 102.1
2003 365 18 43 102.1
2003 365 19 43 102.1
2003 365 20 43 102.1
2003 365 21 40 102.1
2003 365 22 40 102.1
2003 365 23 40 102.1
2004   1  0 33 112.2
2004   1  1 33 112.2
2004   1  2 33 112.2
2004   1  3 37 112.2
2004   1  4 37 112.2
2004   1  5 37 112.2
2004   1  6 40 112.2
2004   1  7 40 112.2
2004   1  8 40 112.2
2004   1  9 37 112.2
2004   1 10 37 112.2
2004   1 11 37 112.2
2004   1 12 47 112.2
2004   1 13 47 112.2
2004   1 14 47 112.2
2004   1 15 37 112.2
2004   1 16 37 112.2
2004   1 17 37 112.2
2004   1 18 37 112.2
2004   1 19 37 112.2
2004   1 20 37 112.2
2004   1 21 37 112.2
2004   1 22 37 112.2
2004   1 23 37 112.2
2004   2  0 40 112.6
2004   2  1 40 112.6
2004   2  2 40 112.6
2004   2  3 30 112.6
2004   2  4 30 112.6
2004   2  5 30 112.6
2004   2  6 20 112.6
2004   2  7 20 112.6
2004   2  8 20 112.6
2004   2  9 23 112.6
2004   2 10 23 112.6
2004   2 11 23 112.6
2004   2 12 30 112.6
2004   2 13 30 112.6
2004   2 14 30 112.6
2004   2 15 30 112.6
2004   2 16 30 112.6
2004   2 17 30 112.6
2004   2 18 33 112.6
2004   2 19 33 112.6
2004   2 20 33 112.6
2004   2 21 30 112.6
2004   2 22 30 112.6
2004   2 23 30 112.6
2004   3  0 27 112.3
2004   3  1 27 112.3
2004   3  2 27 112.3
2004   3  3 33 112.3
2004   3  4 33 112.3
2004   3  5 33 112.3
2004   3  6 40 112.3
2004   3  7 40 112.3
2004   3  8 40 112.3
2004   3  9 43 112.3
2004   3 10 43 112.3
2004   3 11 43 112.3
2004   3 12 33 112.3
2004   3 13 33 112.3
2004   3 14 33 112.3
2004   3 15 30 112.3
2004   3 16 30 112.3
2004   3 17 30 112.3
2004   3 18 47 112.3
2004   3 19 47 112.3
2004   3 20 47 112.3
2004   3 21 33 112.3
2004   3 22 33 112.3
2004   3 23 33 112.3
2004   4  0 33 115.5
2004   4  1 33 115.5
2004   4  2 33 115.5
2004   4  3 37 115.5
2004   4  4 37 115.5
2004   4  5 37 115.5
2004   4  6 37 115.5
2004   4  7 37 115.5
2004   4  8 37 115.5
2004   4  9 37 115.5
2004   4 10 37 115.5
2004   4 11 37 115.5
2004   4 12 37 115.5
2004   4 13 37 115.5
2004   4 14 37 115.5
2004   4 15 43 115.5
2004   4 16 43 115.5
2004   4 17 43 115.5
2004   4 18 37 115.5
2004   4 19 37 115.5
2004   4 20 37 115.5
2004   4 21 30 115.5
2004   4 22 30 115.5
2004   4 23 30 115.5
2004   5  0 40 119.0
2004   5  1 40 119.0
2004   5  2 40 119.0
2004   5  3 33 119.0
2004   5  4 33 119.0
2004   5  5 33 119.0
2004   5  6 33 119.0
2004   5  7 33 119.0
2004   5  8 33 119.0
2004   5  9 30 119.0
2004   5 10 30 119.0
2004   5 11 30 119.0
2004   5 12 40 119.0
2004   5 13 40 119.0
2004   5 14 40 119.0
2004   5 15 47 119.0
2004   5 16 47 119.0
2004   5 17 47 119.0
2004   5 18 40 119.0
2004   5 19 40 119.0
2004   5 20 40 119.0
2004   5 21 43 119.0
2004   5 22 43 119.0
2004   5 23 43 119.0
2004   6  0 37 113.4
2004   6  1 37 113.4
2004   6  2 37 113.4
2004   6  3 37 113.4
2004   6  4 37 113.4
2004   6  5 37 113.4
2004   6  6 40 113.4
2004   6  7 40 113.4
2004   6  8 40 113.4
2004   6  9 23 113.4
2004   6 10 23 113.4
2004   6 11 23 113.4
2004   6 12 17 113.4
2004   6 13 17 113.4
2004   6 14 17 113.4
2004   6 15 20 113.4
2004   6 16 20 113.4
2004   6 17 20 113.4
2004   6 18 30 113.4
2004   6 19 30 113.4
2004   6 20 30 113.4
2004   6 21 60 113.4
2004   6 22 60 113.4
2004   6 23 60 113.4
2004   7  0 37 114.9
2004   7  1 37 114.9
2004   7  2 37 114.9
2004   7  3 43 114.9
2004   7  4 43 114.9
2004   7  5 43 114.9
2004   7  6 50 114.9
2004   7  7 50 114.9
2004   7  8 50 114.9
2004   7  9 43 114.9
2004   7 10 43 114.9
2004   7 11 43 114.9
2004   7 12 43 114.9
2004   7 13 43 114.9
2004   7 14 43 114.9
2004   7 15 43 114.9
2004   7 16 43 114.9
2004   7 17 43 114.9
2004   7 18 37 114.9
2004   7 19 37 114.9
2004   7 20 37 114.9
2004   7 21 27 114.9
2004   7 22 27 114.9
2004   7 23 27 114.9
2004   8  0 17 116.1
2004   8  1 17 116.1
2004   8  2 17 116.1
2004   8  3  3 116.1
2004   8  4  3 116.1
2004   8  5  3 116.1
2004   8  6  7 116.1
2004   8  7  7 116.1
2004   8  8  7 116.1
2004   8  9 20 116.1
2004   8 10 20 116.1
2004   8 11 20 116.1
2004   8 12 20 116.1
2004   8 13 20 116.1
2004   8 14 20 116.1
2004   8 15 13 116.1
2004   8 16 13 116.1
2004   8 17 13 116.1
2004   8 18 20 116.1
2004   8 19 20 116.1
2004   8 20 20 116.1
2004   8 21 33 116.1
2004   8 22 33 116.1
2004   8 23 33 116.1
2004   9  0 30 114.4
2004   9  1 30 114.4
2004   9  2 30 114.4
2004   9  3 33 114.4
2004   9  4 33 114.4
2004   9  5 33 114.4
2004   9  6 50 114.4
2004   9  7 50 114.4
2004   9  8 50 114.4
2004   9  9 33 114.4
2004   9 10 33 114.4
2004   9 11 33 114.4
2004   9 12 33 114.4
2004   9 13 33 114.4
2004   9 14 33 114.4
2004   9 15 43 114.4
2004   9 16 43 114.4
2004   9 17 43 114.4
2004   9 18 37 114.4
2004   9 19 37 114.4
2004   9 20 37 114.4
2004   9 21 27 114.4
2004   9 22 27 114.4
2004   9 23 27 114.4
2004  10  0 33 115.3
2004  10  1 33 115.3
2004  10  2 33 115.3
2004  10  3 43 115.3
2004  10  4 43 115.3
2004  10  5 43 115.3
2004  10  6 53 115.3
2004  10  7 53 115.3
2004  10  8 53 115.3
2004  10  9 37 115.3
2004  10 10 37 115.3
2004  10 11 37 115.3
2004  10 12 40 115.3
2004  10 13 40 115.3
2004  10 14 40 115.3
2004  10 15 37 115.3
2004  10 16 37 115.3
2004  10 17 37 115.3
2004  10 18 40 115.3
2004  10 19 40 115.3
2004  10 20 40 115.3
2004  10 21 20 115.3
2004  10 22 20 115.3
2004  10 23 20 115.3
2004  11  0 20 114.6
2004  11  1 20 114.6
2004  11  2 20 114.6
2004  11  3 13 114.6
2004  11  4 13 114.6
2004  11  5 13 114.6
2004  11  6 27 114.6
2004  11  7 27 114.6
2004  11  8 27 114.6
2004  11  9 37 114.6
2004  11 10 37 114.6
2004  11 11 37 114.6
2004  11 12 47 114.6
2004  11 13 47 114.6
2004  11 14 47 114.6
2004  11 15 47 114.6
2004  11 16 47 114.6
2004  11 17 47 114.6
2004  11 18 33 114.6
2004  11 19 33 114.6
2004  11 20 33 114.6
2004  11 21 20 114.6
2004  11 22 20 114.6
2004  11 23 20 114.6
2004  12  0 13 114.4
2004  12  1 13 114.4
2004  12  2 13 114.4
2004  12  3 20 114.4
2004  12  4 20 114.4
2004  12  5 20 114.4
2004  12  6  3 114.4
2004  12  7  3 114.4
2004  12  8  3 114.4
2004  12  9  3 114.4
2004  12 10  3 114.4
2004  12 11  3 114.4
2004  12 12 20 114.4
2004  12 13 20 114.4
2004  12 14 20 114.4
2004  12 15 27 114.4
2004  12 16 27 114.4
2004  12 17 27 114.4
2004  12 18 33 114.4
2004  12 19 33 114.4
2004  12 20 33 114.4
2004  12 21 37 114.4
2004  12 22 37 114.4
2004  12 23 37 114.4
2004  13  0 33 114.1
2004  13  1 33 114.1
2004  13  2 33 114.1
2004  13  3 27 114.1
2004  13  4 27 114.1
2004  13  5 27 114.1
2004  13  6 20 114.1
2004  13  7 20 114.1
2004  13  8 20 114.1
2004  13  9 20 114.1
2004  13 10 20 114.1
2004  13 11 20 114.1
2004  13 12 43 114.1
2004  13 13 43 114.1
2004  13 14 43 114.1
2004  13 15 43 114.1
2004  13 16 43 114.1
2004  13 17 43 114.1
2004  13 18 37 114.1
2004  13 19 37 114.1
2004  13 20 37 114.1
2004  13 21 40 114.1
2004  13 22 40 114.1
2004  13 23 40 114.1
2004  14  0 40 117.1
2004  14  1 40 117.1
2004  14  2 40 117.1
2004  14  3 27 117.1
2004  14  4 27 117.1
2004  14  5 27 117.1
2004  14  6 17 117.1
2004  14  7 17 117.1
2004  14  8 17 117.1
2004  14  9 20 117.1
2004  14 10 20 117.1
2004  14 11 20 117.1
2004  14 12 30 117.1
2004  14 13 30 117.1
2004  14 14 30 117.1
2004  14 15 23 117.1
2004  14 16 23 117.1
2004  14 17 23 117.1
2004  14 18 20 117.1
2004  14 19 20 117.1
2004  14 20 20 117.1
2004  14 21 27 117.1
2004  14 22 27 117.1
2004  14 23 27 117.1
2004  15  0 23 115.2
2004  15  1 23 115.2
2004  15  2 23 115.2
2004  15  3 30 115.2
2004  15  4 30 115.2
2004  15  5 30 115.2
2004  15  6 10 115.2
2004  15  7 10 115.2
2004  15  8 10 115.2
2004  15  9 17 115.2
2004  15 10 17 115.2
2004  15 11 17 115.2
2004  15 12 40 115.2
2004  15 13 40 115.2
2004  15 14 40 115.2
2004  15 15 40 115.2
2004  15 16 40 115.2
2004  15 17 40 115.2
2004  15 18 40 115.2
2004  15 19 40 115.2
2004  15 20 40 115.2
2004  15 21 40 115.2
2004  15 22 40 115.2
2004  15 23 40 115.2
2004  16  0 47 116.4
2004  16  1 47 116.4
2004  16  2 47 116.4
2004  16  3 33 116.4
2004  16  4 33 116.4
2004  16  5 33 116.4
2004  16  6 23 116.4
2004  16  7 23 116.4
2004  16  8 23 116.4
2004  16  9 43 116.4
2004  16 10 43 116.4
2004  16 11 43 116.4
2004  16 12 37 116.4
2004  16 13 37 116.4
2004  16 14 37 116.4
2004  16 15 47 116.4
2004  16 16 47 116.4
2004  16 17 47 116.4
2004  16 18 47 116.4
2004  16 19 47 116.4
2004  16 20 47 116.4
2004  16 21 43 116.4
2004  16 22 43 116.4
2004  16 23 43 116.4
2004  17  0 30 118.6
2004  17  1 30 118.6
2004  17  2 30 118.6
2004  17  3 33 118.6
2004  17  4 33 118.6
2004  17  5 33 118.6
2004  17  6 30 118.6
2004  17  7 30 118.6
2004  17  8 30 118.6
2004  17  9 33 118.6
2004  17 10 33 118.6
2004  17 11 33 118.6
2004  17 12 27 118.6
2004  17 13 27 118.6
2004  17 14 27 118.6
2004  17 15 30 118.6
2004  17 16 30 118.6
2004  17 17 30 118.6
2004  17 18 40 118.6
2004  17 19 40 118.6
2004  17 20 40 118.6
2004  17 21 40 118.6
2004  17 22 40 118.6
2004  17 23 40 118.6
2004  18  0 23 115.6
2004  18  1 23 115.6
2004  18  2 23 115.6
2004  18  3 37 115.6
2004  18  4 37 115.6
2004  18  5 37 115.6
2004  18  6 37 115.6
2004  18  7 37 115.6
2004  18  8 37 115.6
2004  18  9 27 115.6
2004  18 10 27 115.6
2004  18 11 27 115.6
2004  18 12 27 115.6
2004  18 13 27 115.6
2004  18 14 27 115.6
2004  18 15 17 115.6
2004  18 16 17 115.6
2004  18 17 17 115.6
2004  18 18 43 115.6
2004  18 19 43 115.6
2004  18 20 43 115.6
2004  18 21 43 115.6
2004  18 22 43 115.6
2004  18 23 43 115.6
2004  19  0 30 130.3
2004  19  1 30 130.3
2004  19  2 30 130.3
2004  19  3 27 130.3
2004  19  4 27 130.3
2004  19  5 27 130.3
2004  19  6 23 130.3
2004  19  7 23 130.3
2004  19  8 23 130.3
2004  19  9 27 130.3
2004  19 10 27 130.3
2004  19 11 27 130.3
2004  19 12 37 130.3
2004  19 13 37 130.3
2004  19 14 37 130.3
2004  19 15 43 130.3
2004  19 16 43 130.3
2004  19 17 43 130.3
2004  19 18 33 130.3
2004  19 19 33 130.3
2004  19 20 33 130.3
2004  19 21 37 130.3
2004  19 22 37 130.3
2004  19 23 37 130.3
2004  20  0 33 124.8
2004  20  1 33 124.8
2004  20  2 33 124.8
2004  20  3 37 124.8
2004  20  4 37 124.8
2004  20  5 37 124.8
2004  20  6 30 124.8
2004  20  7 30 124.8
2004  20  8 30 124.8
2004  20  9 27 124.8
2004  20 10 27 124.8
2004  20 11 27 124.8
2004  20 12 37 124.8
2004  20 13 37 124.8
2004  20 14 37 124.8
2004  20 15 43 124.8
2004  20 16 43 124.8
2004  20 17 43 124.8
2004  20 18 27 124.8
2004  20 19 27 124.8
2004  20 20 27 124.8
2004  20 21 30 124.8
2004  20 22 30 124.8
2004  20 23 30 124.8
2004  21  0 23 126.0
2004  21  1 23 126.0
2004  21  2 23 126.0
2004  21  3 30 126.0
2004  21  4 30 126.0
2004  21  5 30 126.0
2004  21  6 37 126.0
2004  21  7 37 126.0
2004  21  8 37 126.0
2004  21  9 27 126.0
2004  21 10 27 126.0
2004  21 11 27 126.0
2004  21 12 33 126.0
2004  21 13 33 126.0
2004  21 14 33 126.0
2004  21 15 23 126.0
2004  21 16 23 126.0
2004  21 17 23 126.0
2004  21 18 33 126.0
2004  21 19 33 126.0
2004  21 20 33 126.0
2004  21 21 27 126.0
2004  21 22 27 126.0
2004  21 23 27 126.0
2004  22  0 50 117.9
2004  22  1 50 117.9
2004  22  2 50 117.9
2004  22  3 50 117.9
2004  22  4 50 117.9
2004  22  5 50 117.9
2004  22  6 50 117.9
2004  22  7 50 117.9
2004  22  8 50 117.9
2004  22  9 70 117.9
2004  22 10 70 117.9
2004  22 11 70 117.9
2004  22 12 67 117.9
2004  22 13 67 117.9
2004  22 14 67 117.9
2004  22 15 40 117.9
2004  22 16 40 117.9
2004  22 17 40 117.9
2004  22 18 53 117.9
2004  22 19 53 117.9
2004  22 20 53 117.9
2004  22 21 47 117.9
2004  22 22 47 117.9
2004  22 23 47 117.9
2004  23  0 43 111.6
2004  23  1 43 111.6
2004  23  2 43 111.6
2004  23  3 43 111.6
2004  23  4 43 111.6
2004  23  5 43 111.6
2004  23  6 40 111.6
2004  23  7 40 111.6
2004  23  8 40 111.6
2004  23  9 47 111.6
2004  23 10 47 111.6
2004  23 11 47 111.6
2004  23 12 43 111.6
2004  23 13 43 111.6
2004  23 14 43 111.6
2004  23 15 60 111.6
2004  23 16 60 111.6
2004  23 17 60 111.6
2004  23 18 57 111.6
2004  23 19 57 111.6
2004  23 20 57 111.6
2004  23 21 43 111.6
2004  23 22 43 111.6
2004  23 23 43 111.6
2004  24  0 50 104.1
2004  24  1 50 104.1
2004  24  2 50 104.1
2004  24  3 30 104.1
2004  24  4 30 104.1
2004  24  5 30 104.1
2004  24  6 23 104.1
2004  24  7 23 104.1
2004  24  8 23 104.1
2004  24  9 33 104.1
2004  24 10 33 104.1
2004  24 11 33 104.1
2004  24 12 23 104.1
2004  24 13 23 104.1
2004  24 14 23 104.1
2004  24 15 27 104.1
2004  24 16 27 104.1
2004  24 17 27 104.1
2004  24 18 30 104.1
2004  24 19 30 104.1
2004  24 20 30 104.1
2004  24 21 33 104.1
2004  24 22 33 104.1
2004  24 23 33 104.1
2004  25  0 53  99.1
2004  25  1 53  99.1
2004  25  2 53  99.1
2004  25  3 57  99.1
2004  25  4 57  99.1
2004  25  5 57  99.1
2004  25  6 43  99.1
2004  25  7 43  99.1
2004  25  8 43  99.1
2004  25  9 43  99.1
2004  25 10 43  99.1
2004  25 11 43  99.1
2004  25 12 43  99.1
2004  25 13 43  99.1
2004  25 14 43  99.1
2004  25 15 43  99.1
2004  25 16 43  99.1
2004  25 17 43  99.1
2004  25 18 37  99.1
2004  25 19 37  99.1
2004  25 20 37  99.1
2004  25 21 40  99.1
2004  25 22 40  99.1
2004  25 23 40  99.1
2004  26  0 40  95.0
2004  26  1 40  95.0
2004  26  2 40  95.0
2004  26  3 23  95.0
2004  26  4 23  95.0
2004  26  5 23  95.0
2004  26  6 27  95.0
2004  26  7 27  95.0
2004  26  8 27  95.0
2004  26  9 33  95.0
2004  26 10 33  95.0
2004  26 11 33  95.0
2004  26 12 30  95.0
2004  26 13 30  95.0
2004  26 14 30  95.0
2004  26 15 27  95.0
2004  26 16 27  95.0
2004  26 17 27  95.0
2004  26 18 40  95.0
2004  26 19 40  95.0
2004  26 20 40  95.0
2004  26 21 37  95.0
2004  26 22 37  95.0
2004  26 23 37  95.0
2004  27  0 40  90.8
2004  27  1 40  90.8
2004  27  2 40  90.8
2004  27  3 33  90.8
2004  27  4 33  90.8
2004  27  5 33  90.8
2004  27  6 30  90.8
2004  27  7 30  90.8
2004  27  8 30  90.8
2004  27  9 23  90.8
2004  27 10 23  90.8
2004  27 11 23  90.8
2004  27 12 33  90.8
2004  27 13 33  90.8
2004  27 14 33  90.8
2004  27 15 33  90.8
2004  27 16 33  90.8
2004  27 17 33  90.8
2004  27 18 27  90.8
2004  27 19 27  90.8
2004  27 20 27  90.8
2004  27 21 33  90.8
2004  27 22 33  90.8
2004  27 23 33  90.8
2004  28  0 57  85.9
2004  28  1 57  85.9
2004  28  2 57  85.9
2004  28  3 37  85.9
2004  28  4 37  85.9
2004  28  5 37  85.9
2004  28  6 30  85.9
2004  28  7 30  85.9
2004  28  8 30  85.9
2004  28  9 27  85.9
2004  28 10 27  85.9
2004  28 11 27  85.9
2004  28 12 30  85.9
2004  28 13 30  85.9
2004  28 14 30  85.9
2004  28 15 30  85.9
2004  28 16 30  85.9
2004  28 17 30  85.9
2004  28 18 37  85.9
2004  28 19 37  85.9
2004  28 20 37  85.9
2004  28 21 30  85.9
2004  28 22 30  85.9
2004  28 23 30  85.9
2004  29  0 17  84.8
2004  29  1 17  84.8
2004  29  2 17  84.8
2004  29  3 23  84.8
2004  29  4 23  84.8
2004  29  5 23  84.8
2004  29  6 20  84.8
2004  29  7 20  84.8
2004  29  8 20  84.8
2004  29  9 30  84.8
2004  29 10 30  84.8
2004  29 11 30  84.8
2004  29 12 27  84.8
2004  29 13 27  84.8
2004  29 14 27  84.8
2004  29 15 10  84.8
2004  29 16 10  84.8
2004  29 17 10  84.8
2004  29 18 13  84.8
2004  29 19 13  84.8
2004  29 20 13  84.8
2004  29 21 27  84.8
2004  29 22 27  84.8
2004  29 23 27  84.8
2004  30  0 23  89.9
2004  30  1 23  89.9
2004  30  2 23  89.9
2004  30  3 30  89.9
2004  30  4 30  89.9
2004  30  5 30  89.9
2004  30  6 30  89.9
2004  30  7 30  89.9
2004  30  8 30  89.9
2004  30  9 47  89.9
2004  30 10 47  89.9
2004  30 11 47  89.9
2004  30 12 37  89.9
2004  30 13 37  89.9
2004  30 14 37  89.9
2004  30 15 30  89.9
2004  30 16 30  89.9
2004  30 17 30  89.9
2004  30 18 33  89.9
2004  30 19 33  89.9
2004  30 20 33  89.9
2004  30 21 37  89.9
2004  30 22 37  89.9
2004  30 23 37  89.9
2004  31  0 17  91.6
2004  31  1 17  91.6
2004  31  2 17  91.6
2004  31  3 17  91.6
2004  31  4 17  91.6
2004  31  5 17  91.6
2004  31  6 23  91.6
2004  31  7 23  91.6
2004  31  8 23  91.6
2004  31  9 43  91.6
2004  31 10 43  91.6
2004  31 11 43  91.6
2004  31 12 27  91.6
2004  31 13 27  91.6
2004  31 14 27  91.6
2004  31 15 17  91.6
2004  31 16 17  91.6
2004  31 17 17  91.6
2004  31 18 17  91.6
2004  31 19 17  91.6
2004  31 20 17  91.6
2004  31 21 17  91.6
2004  31 22 17  91.6
2004  31 23 17  91.6
