Year  DOY  Hour  Kp  F10.7
2021 150  0 10  76.5
2021 150  1 10  76.5
2021 150  2 10  76.5
2021 150  3  7  76.5
2021 150  4  7  76.5
2021 150  5  7  76.5
2021 150  6 10  76.5
2021 150  7 10  76.5
2021 150  8 10  76.5
2021 150  9 13  76.5
2021 150 10 13  76.5
2021 150 11 13  76.5
2021 150 12  7  76.5
2021 150 13  7  76.5
2021 150 14  7  76.5
2021 150 15 10  76.5
2021 150 16 10  76.5
2021 150 17 10  76.5
2021 150 18 17  76.5
2021 150 19 17  76.5
2021 150 20 17  76.5
2021 150 21 23  76.5
2021 150 22 23  76.5
2021 150 23 23  76.5
2021 151  0  7  84.0
2021 151  1  7  84.0
2021 151  2  7  84.0
2021 151  3  7  84.0
2021 151  4  7  84.0
2021 151  5  7  84.0
2021 151  6  7  84.0
2021 151  7  7  84.0
2021 151  8  7  84.0
2021 151  9  0  84.0
2021 151 10  0  84.0
2021 151 11  0  84.0
2021 151 12  3  84.0
2021 151 13  3  84.0
2021 151 14  3  84.0
2021 151 15  7  84.0
2021 151 16  7  84.0
2021 151 17  7  84.0
2021 151 18  3  84.0
2021 151 19  3  84.0
2021 151 20  3  84.0
2021 151 21  0  84.0
2021 151 22  0  84.0
2021 151 23  0  84.0
2021 152  0 10  77.3
2021 152  1 10  77.3
2021 152  2 10  77.3
2021 152  3  3  77.3
2021 152  4  3  77.3
2021 152  5  3  77.3
2021 152  6  0  77.3
2021 152  7  0  77.3
2021 152  8  0  77.3
2021 152  9  0  77.3
2021 152 10  0  77.3
2021 152 11  0  77.3
2021 152 12  0  77.3
2021 152 13  0  77.3
2021 152 14  0  77.3
2021 152 15  0  77.3
2021 152 16  0  77.3
2021 152 17  0  77.3
2021 152 18  0  77.3
2021 152 19  0  77.3
2021 152 20  0  77.3
2021 152 21  0  77.3
2021 152 22  0  77.3
2021 152 23  0  77.3
2021 153  0  0  78.5
2021 153  1  0  78.5
2021 153  2  0  78.5
2021 153  3  3  78.5
2021 153  4  3  78.5
2021 153  5  3  78.5
2021 153  6  3  78.5
2021 153  7  3  78.5
2021 153  8  3  78.5
2021 153  9  3  78.5
2021 153 10  3  78.5
2021 153 11  3  78.5
2021 153 12 27  78.5
2021 153 13 27  78.5
2021 153 14 27  78.5
2021 153 15 20  78.5
2021 153 16 20  78.5
2021 153 17 20  78.5
2021 153 18 13  78.5
2021 153 19 13  78.5
2021 153 20 13  78.5
2021 153 21 13  78.5
2021 153 22 13  78.5
2021 153 23 13  78.5
2021 154  0 17  77.7
2021 154  1 17  77.7
2021 154  2 17  77.7
2021 154  3 17  77.7
2021 154  4 17  77.7
2021 154  5 17  77.7
2021 154  6 23  77.7
2021 154  7 23  77.7
2021 154  8 23  77.7
2021 154  9 17  77.7
2021 154 10 17  77.7
2021 154 11 17  77.7
2021 154 12 13  77.7
2021 154 13 13  77.7
2021 154 14 13  77.7
2021 154 15 13  77.7
2021 154 16 13  77.7
2021 154 17 13  77.7
2021 154 18  7  77.7
2021 154 19  7  77.7
2021 154 20  7  77.7
2021 154 21  0  77.7
2021 154 22  0  77.7
2021 154 23  0  77.7
2021 155  0 10  79.4
2021 155  1 10  79.4
2021 155  2 10  79.4
2021 155  3 10  79.4
2021 155  4 10  79.4
2021 155  5 10  79.4
2021 155  6  3  79.4
2021 155  7  3  79.4
2021 155  8  3  79.4
2021 155  9 10  79.4
2021 155 10 10  79.4
2021 155 11 10  79.4
2021 155 12 13  79.4
2021 155 13 13  79.4
2021 155 14 13  79.4
2021 155 15 10  79.4
2021 155 16 10  79.4
2021 155 17 10  79.4
2021 155 18 13  79.4
2021 155 19 13  79.4
2021 155 20 13  79.4
2021 155 21 10  79.4
2021 155 22 10  79.4
2021 155 23 10  79.4
2021 156  0  3  76.6
2021 156  1  3  76.6
2021 156  2  3  76.6
2021 156  3  7  76.6
2021 156  4  7  76.6
2021 156  5  7  76.6
2021 156  6  3  76.6
2021 156  7  3  76.6
2021 156  8  3  76.6
2021 156  9  3  76.6
2021 156 10  3  76.6
2021 156 11  3  76.6
2021 156 12 13  76.6
2021 156 13 13  76.6
2021 156 14 13  76.6
2021 156 15  3  76.6
2021 156 16  3  76.6
2021 156 17  3  76.6
2021 156 18 13  76.6
2021 156 19 13  76.6
2021 156 20 13  76.6
2021 156 21 20  76.6
2021 156 22 20  76.6
2021 156 23 20  76.6
2021 157  0 20  79.7
2021 157  1 20  79.7
2021 157  2 20  79.7
2021 157  3 10  79.7
2021 157  4 10  79.7
2021 157  5 10  79.7
2021 157  6  7  79.7
2021 157  7  7  79.7
2021 157  8  7  79.7
2021 157  9  3  79.7
2021 157 10  3  79.7
2021 157 11  3  79.7
2021 157 12  0  79.7
2021 157 13  0  79.7
2021 157 14  0  79.7
2021 157 15  3  79.7
2021 157 16  3  79.7
2021 157 17  3  79.7
2021 157 18 10  79.7
2021 157 19 10  79.7
2021 157 20 10  79.7
2021 157 21 13  79.7
2021 157 22 13  79.7
2021 157 23 13  79.7
2021 158  0  7  83.2
2021 158  1  7  83.2
2021 158  2  7  83.2
2021 158  3 13  83.2
2021 158  4 13  83.2
2021 158  5 13  83.2
2021 158  6 23  83.2
2021 158  7 23  83.2
2021 158  8 23  83.2
2021 158  9 20  83.2
2021 158 10 20  83.2
2021 158 11 20  83.2
2021 158 12 27  83.2
2021 158 13 27  83.2
2021 158 14 27  83.2
2021 158 15 33  83.2
2021 158 16 33  83.2
2021 158 17 33  83.2
2021 158 18 30  83.2
2021 158 19 30  83.2
2021 158 20 30  83.2
2021 158 21 37  83.2
2021 158 22 37  83.2
2021 158 23 37  83.2
2021 159  0 20  82.3
2021 159  1 20  82.3
2021 159  2 20  82.3
2021 159  3 20  82.3
2021 159  4 20  82.3
2021 159  5 20  82.3
2021 159  6 17  82.3
2021 159  7 17  82.3
2021 159  8 17  82.3
2021 159  9  7  82.3
2021 159 10  7  82.3
2021 159 11  7  82.3
2021 159 12  7  82.3
2021 159 13  7  82.3
2021 159 14  7  82.3
2021 159 15  7  82.3
2021 159 16  7  82.3
2021 159 17  7  82.3
2021 159 18 10  82.3
2021 159 19 10  82.3
2021 159 20 10  82.3
2021 159 21  7  82.3
2021 159 22  7  82.3
2021 159 23  7  82.3
2021 160  0 13  81.0
2021 160  1 13  81.0
2021 160  2 13  81.0
2021 160  3 13  81.0
2021 160  4 13  81.0
2021 160  5 13  81.0
2021 160  6 10  81.0
2021 160  7 10  81.0
2021 160  8 10  81.0
2021 160  9  3  81.0
2021 160 10  3  81.0
2021 160 11  3  81.0
2021 160 12  3  81.0
2021 160 13  3  81.0
2021 160 14  3  81.0
2021 160 15  3  81.0
2021 160 16  3  81.0
2021 160 17  3  81.0
2021 160 18  7  81.0
2021 160 19  7  81.0
2021 160 20  7  81.0
2021 160 21  0  81.0
2021 160 22  0  81.0
2021 160 23  0  81.0
2021 161  0 10  75.6
2021 161  1 10  75.6
2021 161  2 10  75.6
2021 161  3  3  75.6
2021 161  4  3  75.6
2021 161  5  3  75.6
2021 161  6  3  75.6
2021 161  7  3  75.6
2021 161  8  3  75.6
2021 161  9  3  75.6
2021 161 10  3  75.6
2021 161 11  3  75.6
2021 161 12 10  75.6
2021 161 13 10  75.6
2021 161 14 10  75.6
2021 161 15 20  75.6
2021 161 16 20  75.6
2021 161 17 20  75.6
2021 161 18 13  75.6
2021 161 19 13  75.6
2021 161 20 13  75.6
2021 161 21 17  75.6
2021 161 22 17  75.6
2021 161 23 17  75.6
2021 162  0 23  79.7
2021 162  1 23  79.7
2021 162  2 23  79.7
2021 162  3 27  79.7
2021 162  4 27  79.7
2021 162  5 27  79.7
2021 162  6 20  79.7
2021 162  7 20  79.7
2021 162  8 20  79.7
2021 162  9 17  79.7
2021 162 10 17  79.7
2021 162 11 17  79.7
2021 162 12 23  79.7
2021 162 13 23  79.7
2021 162 14 23  79.7
2021 162 15 17  79.7
2021 162 16 17  79.7
2021 162 17 17  79.7
2021 162 18 13  79.7
2021 162 19 13  79.7
2021 162 20 13  79.7
2021 162 21 23  79.7
2021 162 22 23  79.7
2021 162 23 23  79.7
2021 163  0 30  80.0
2021 163  1 30  80.0
2021 163  2 30  80.0
2021 163  3 37  80.0
2021 163  4 37  80.0
2021 163  5 37  80.0
2021 163  6 13  80.0
2021 163  7 13  80.0
2021 163  8 13  80.0
2021 163  9 20  80.0
2021 163 10 20  80.0
2021 163 11 20  80.0
2021 163 12 23  80.0
2021 163 13 23  80.0
2021 163 14 23  80.0
2021 163 15 20  80.0
2021 163 16 20  80.0
2021 163 17 20  80.0
2021 163 18 13  80.0
2021 163 19 13  80.0
2021 163 20 13  80.0
2021 163 21 13  80.0
2021 163 22 13  80.0
2021 163 23 13  80.0
2021 164  0 30  71.1
2021 164  1 30  71.1
2021 164  2 30  71.1
2021 164  3 27  71.1
2021 164  4 27  71.1
2021 164  5 27  71.1
2021 164  6  3  71.1
2021 164  7  3  71.1
2021 164  8  3  71.1
2021 164  9  7  71.1
2021 164 10  7  71.1
2021 164 11  7  71.1
2021 164 12  3  71.1
2021 164 13  3  71.1
2021 164 14  3  71.1
2021 164 15 10  71.1
2021 164 16 10  71.1
2021 164 17 10  71.1
2021 164 18  3  71.1
2021 164 19  3  71.1
2021 164 20  3  71.1
2021 164 21  0  71.1
2021 164 22  0  71.1
2021 164 23  0  71.1
2021 165  0  7  79.3
2021 165  1  7  79.3
2021 165  2  7  79.3
2021 165  3  3  79.3
2021 165  4  3  79.3
2021 165  5  3  79.3
2021 165  6  7  79.3
2021 165  7  7  79.3
2021 165  8  7  79.3
2021 165  9 10  79.3
2021 165 10 10  79.3
2021 165 11 10  79.3
2021 165 12  7  79.3
2021 165 13  7  79.3
2021 165 14  7  79.3
2021 165 15  3  79.3
2021 165 16  3  79.3
2021 165 17  3  79.3
2021 165 18 13  79.3
2021 165 19 13  79.3
2021 165 20 13  79.3
2021 165 21 17  79.3
2021 165 22 17  79.3
2021 165 23 17  79.3
2021 166  0 17  77.9
2021 166  1 17  77.9
2021 166  2 17  77.9
2021 166  3 13  77.9
2021 166  4 13  77.9
2021 166  5 13  77.9
2021 166  6 17  77.9
2021 166  7 17  77.9
2021 166  8 17  77.9
2021 166  9 17  77.9
2021 166 10 17  77.9
2021 166 11 17  77.9
2021 166 12 33  77.9
2021 166 13 33  77.9
2021 166 14 33  77.9
2021 166 15 37  77.9
2021 166 16 37  77.9
2021 166 17 37  77.9
2021 166 18 50  77.9
2021 166 19 50  77.9
2021 166 20 50  77.9
2021 166 21 37  77.9
2021 166 22 37  77.9
2021 166 23 37  77.9
2021 167  0 40  79.6
2021 167  1 40  79.6
2021 167  2 40  79.6
2021 167  3 30  79.6
2021 167  4 30  79.6
2021 167  5 30  79.6
2021 167  6 23  79.6
2021 167  7 23  79.6
2021 167  8 23  79.6
2021 167  9 23  79.6
2021 167 10 23  79.6
2021 167 11 23  79.6
2021 167 12 20  79.6
2021 167 13 20  79.6
2021 167 14 20  79.6
2021 167 15 27  79.6
2021 167 16 27  79.6
2021 167 17 27  79.6
2021 167 18 23  79.6
2021 167 19 23  79.6
2021 167 20 23  79.6
2021 167 21 30  79.6
2021 167 22 30  79.6
2021 167 23 30  79.6
2021 168  0 13  87.7
2021 168  1 13  87.7
2021 168  2 13  87.7
2021 168  3 23  87.7
2021 168  4 23  87.7
2021 168  5 23  87.7
2021 168  6 20  87.7
2021 168  7 20  87.7
2021 168  8 20  87.7
2021 168  9  7  87.7
2021 168 10  7  87.7
2021 168 11  7  87.7
2021 168 12 13  87.7
2021 168 13 13  87.7
2021 168 14 13  87.7
2021 168 15 17  87.7
2021 168 16 17  87.7
2021 168 17 17  87.7
2021 168 18 10  87.7
2021 168 19 10  87.7
2021 168 20 10  87.7
2021 168 21  7  87.7
2021 168 22  7  87.7
2021 168 23  7  87.7
2021 169  0 20  79.5
2021 169  1 20  79.5
2021 169  2 20  79.5
2021 169  3 17  79.5
2021 169  4 17  79.5
2021 169  5 17  79.5
2021 169  6 17  79.5
2021 169  7 17  79.5
2021 169  8 17  79.5
2021 169  9 17  79.5
2021 169 10 17  79.5
2021 169 11 17  79.5
2021 169 12 23  79.5
2021 169 13 23  79.5
2021 169 14 23  79.5
2021 169 15 10  79.5
2021 169 16 10  79.5
2021 169 17 10  79.5
2021 169 18 13  79.5
2021 169 19 13  79.5
2021 169 20 13  79.5
2021 169 21 13  79.5
2021 169 22 13  79.5
2021 169 23 13  79.5
2021 170  0 13  79.6
2021 170  1 13  79.6
2021 170  2 13  79.6
2021 170  3 10  79.6
2021 170  4 10  79.6
2021 170  5 10  79.6
2021 170  6 10  79.6
2021 170  7 10  79.6
2021 170  8 10  79.6
2021 170  9  7  79.6
2021 170 10  7  79.6
2021 170 11  7  79.6
2021 170 12  3  79.6
2021 170 13  3  79.6
2021 170 14  3  79.6
2021 170 15  7  79.6
2021 170 16  7  79.6
2021 170 17  7  79.6
2021 170 18  3  79.6
2021 170 19  3  79.6
2021 170 20  3  79.6
2021 170 21  7  79.6
2021 170 22  7  79.6
2021 170 23  7  79.6
2021 171  0  7  78.9
2021 171  1  7  78.9
2021 171  2  7  78.9
2021 171  3 10  78.9
2021 171  4 10  78.9
2021 171  5 10  78.9
2021 171  6  3  78.9
2021 171  7  3  78.9
2021 171  8  3  78.9
2021 171  9  3  78.9
2021 171 10  3  78.9
2021 171 11  3  78.9
2021 171 12  3  78.9
2021 171 13  3  78.9
2021 171 14  3  78.9
2021 171 15  3  78.9
2021 171 16  3  78.9
2021 171 17  3  78.9
2021 171 18 10  78.9
2021 171 19 10  78.9
2021 171 20 10  78.9
2021 171 21 27  78.9
2021 171 22 27  78.9
2021 171 23 27  78.9
2021 172  0  7  81.7
2021 172  1  7  81.7
2021 172  2  7  81.7
2021 172  3  3  81.7
2021 172  4  3  81.7
2021 172  5  3  81.7
2021 172  6  0  81.7
2021 172  7  0  81.7
2021 172  8  0  81.7
2021 172  9  7  81.7
2021 172 10  7  81.7
2021 172 11  7  81.7
2021 172 12 10  81.7
2021 172 13 10  81.7
2021 172 14 10  81.7
2021 172 15 10  81.7
2021 172 16 10  81.7
2021 172 17 10  81.7
2021 172 18 13  81.7
2021 172 19 13  81.7
2021 172 20 13  81.7
2021 172 21 10  81.7
2021 172 22 10  81.7
2021 172 23 10  81.7
2021 173  0 13  83.5
2021 173  1 13  83.5
2021 173  2 13  83.5
2021 173  3 23  83.5
2021 173  4 23  83.5
2021 173  5 23  83.5
2021 173  6 13  83.5
2021 173  7 13  83.5
2021 173  8 13  83.5
2021 173  9 13  83.5
2021 173 10 13  83.5
2021 173 11 13  83.5
2021 173 12 20  83.5
2021 173 13 20  83.5
2021 173 14 20  83.5
2021 173 15 10  83.5
2021 173 16 10  83.5
2021 173 17 10  83.5
2021 173 18  7  83.5
2021 173 19  7  83.5
2021 173 20  7  83.5
2021 173 21 13  83.5
2021 173 22 13  83.5
2021 173 23 13  83.5
2021 174  0 23  82.3
2021 174  1 23  82.3
2021 174  2 23  82.3
2021 174  3 10  82.3
2021 174  4 10  82.3
2021 174  5 10  82.3
2021 174  6  7  82.3
2021 174  7  7  82.3
2021 174  8  7  82.3
2021 174  9  7  82.3
2021 174 10  7  82.3
2021 174 11  7  82.3
2021 174 12  7  82.3
2021 174 13  7  82.3
2021 174 14  7  82.3
2021 174 15  3  82.3
2021 174 16  3  82.3
2021 174 17  3  82.3
2021 174 18  3  82.3
2021 174 19  3  82.3
2021 174 20  3  82.3
2021 174 21  0  82.3
2021 174 22  0  82.3
2021 174 23  0  82.3
2021 175  0  3  83.3
2021 175  1  3  83.3
2021 175  2  3  83.3
2021 175  3  7  83.3
2021 175  4  7  83.3
2021 175  5  7  83.3
2021 175  6 10  83.3
2021 175  7 10  83.3
2021 175  8 10  83.3
2021 175  9  3  83.3
2021 175 10  3  83.3
2021 175 11  3  83.3
2021 175 12 10  83.3
2021 175 13 10  83.3
2021 175 14 10  83.3
2021 175 15 10  83.3
2021 175 16 10  83.3
2021 175 17 10  83.3
2021 175 18 17  83.3
2021 175 19 17  83.3
2021 175 20 17  83.3
2021 175 21 23  83.3
2021 175 22 23  83.3
2021 175 23 23  83.3
2021 176  0 30  86.1
2021 176  1 30  86.1
2021 176  2 30  86.1
2021 176  3 17  86.1
2021 176  4 17  86.1
2021 176  5 17  86.1
2021 176  6 13  86.1
2021 176  7 13  86.1
2021 176  8 13  86.1
2021 176  9 13  86.1
2021 176 10 13  86.1
2021 176 11 13  86.1
2021 176 12 13  86.1
2021 176 13 13  86.1
2021 176 14 13  86.1
2021 176 15 10  86.1
2021 176 16 10  86.1
2021 176 17 10  86.1
2021 176 18  7  86.1
2021 176 19  7  86.1
2021 176 20  7  86.1
2021 176 21  3  86.1
2021 176 22  3  86.1
2021 176 23  3  86.1
2021 177  0  3  85.1
2021 177  1  3  85.1
2021 177  2  3  85.1
2021 177  3  3  85.1
2021 177  4  3  85.1
2021 177  5  3  85.1
2021 177  6  7  85.1
2021 177  7  7  85.1
2021 177  8  7  85.1
2021 177  9 13  85.1
2021 177 10 13  85.1
2021 177 11 13  85.1
2021 177 12 13  85.1
2021 177 13 13  85.1
2021 177 14 13  85.1
2021 177 15 10  85.1
2021 177 16 10  85.1
2021 177 17 10  85.1
2021 177 18  3  85.1
2021 177 19  3  85.1
2021 177 20  3  85.1
2021 177 21  3  85.1
2021 177 22  3  85.1
2021 177 23  3  85.1
2021 178  0  3  89.9
2021 178  1  3  89.9
2021 178  2  3  89.9
2021 178  3  3  89.9
2021 178  4  3  89.9
2021 178  5  3  89.9
2021 178  6 10  89.9
2021 178  7 10  89.9
2021 178  8 10  89.9
2021 178  9  3  89.9
2021 178 10  3  89.9
2021 178 11  3  89.9
2021 178 12 10  89.9
2021 178 13 10  89.9
2021 178 14 10  89.9
2021 178 15 10  89.9
2021 178 16 10  89.9
2021 178 17 10  89.9
2021 178 18  7  89.9
2021 178 19  7  89.9
2021 178 20  7  89.9
2021 178 21  7  89.9
2021 178 22  7  89.9
2021 178 23  7  89.9
2021 179  0 10  91.6
2021 179  1 10  91.6
2021 179  2 10  91.6
2021 179  3  3  91.6
2021 179  4  3  91.6
2021 179  5  3  91.6
2021 179  6  3  91.6
2021 179  7  3  91.6
2021 179  8  3  91.6
2021 179  9  3  91.6
2021 179 10  3  91.6
2021 179 11  3  91.6
2021 179 12  7  91.6
2021 179 13  7  91.6
2021 179 14  7  91.6
2021 179 15 10  91.6
2021 179 16 10  91.6
2021 179 17 10  91.6
2021 179 18  7  91.6
2021 179 19  7  91.6
2021 179 20  7  91.6
2021 179 21  7  91.6
2021 179 22  7  91.6
2021 179 23  7  91.6
2021 180  0 10  95.6
2021 180  1 10  95.6
2021 180  2 10  95.6
2021 180  3  3  95.6
2021 180  4  3  95.6
2021 180  5  3  95.6
2021 180  6  7  95.6
2021 180  7  7  95.6
2021 180  8  7  95.6
2021 180  9  7  95.6
2021 180 10  7  95.6
2021 180 11  7  95.6
2021 180 12 17  95.6
2021 180 13 17  95.6
2021 180 14 17  95.6
2021 180 15 20  95.6
2021 180 16 20  95.6
2021 180 17 20  95.6
2021 180 18 23  95.6
2021 180 19 23  95.6
2021 180 20 23  95.6
2021 180 21  3  95.6
2021 180 22  3  95.6
2021 180 23  3  95.6
2021 181  0  3  97.3
2021 181  1  3  97.3
2021 181  2  3  97.3
2021 181  3 20  97.3
2021 181  4 20  97.3
2021 181  5 20  97.3
2021 181  6 27  97.3
2021 181  7 27  97.3
2021 181  8 27  97.3
2021 181  9 30  97.3
2021 181 10 30  97.3
2021 181 11 30  97.3
2021 181 12 13  97.3
2021 181 13 13  97.3
2021 181 14 13  97.3
2021 181 15 30  97.3
2021 181 16 30  97.3
2021 181 17 30  97.3
2021 181 18 37  97.3
2021 181 19 37  97.3
2021 181 20 37  97.3
2021 181 21 40  97.3
2021 181 22 40  97.3
2021 181 23 40  97.3
2021 182  0 30  97.2
2021 182  1 30  97.2
2021 182  2 30  97.2
2021 182  3 23  97.2
2021 182  4 23  97.2
2021 182  5 23  97.2
2021 182  6 10  97.2
2021 182  7 10  97.2
2021 182  8 10  97.2
2021 182  9  7  97.2
2021 182 10  7  97.2
2021 182 11  7  97.2
2021 182 12  3  97.2
2021 182 13  3  97.2
2021 182 14  3  97.2
2021 182 15  7  97.2
2021 182 16  7  97.2
2021 182 17  7  97.2
2021 182 18  7  97.2
2021 182 19  7  97.2
2021 182 20  7  97.2
2021 182 21  7  97.2
2021 182 22  7  97.2
2021 182 23  7  97.2
2021 183  0  7  98.1
2021 183  1  7  98.1
2021 183  2  7  98.1
2021 183  3 13  98.1
2021 183  4 13  98.1
2021 183  5 13  98.1
2021 183  6 13  98.1
2021 183  7 13  98.1
2021 183  8 13  98.1
2021 183  9 10  98.1
2021 183 10 10  98.1
2021 183 11 10  98.1
2021 183 12 10  98.1
2021 183 13 10  98.1
2021 183 14 10  98.1
2021 183 15 17  98.1
2021 183 16 17  98.1
2021 183 17 17  98.1
2021 183 18 10  98.1
2021 183 19 10  98.1
2021 183 20 10  98.1
2021 183 21 10  98.1
2021 183 22 10  98.1
2021 183 23 10  98.1
2021 184  0 20  96.8
2021 184  1 20  96.8
2021 184  2 20  96.8
2021 184  3  7  96.8
2021 184  4  7  96.8
2021 184  5  7  96.8
2021 184  6 13  96.8
2021 184  7 13  96.8
2021 184  8 13  96.8
2021 184  9  7  96.8
2021 184 10  7  96.8
2021 184 11  7  96.8
2021 184 12 10  96.8
2021 184 13 10  96.8
2021 184 14 10  96.8
2021 184 15  7  96.8
2021 184 16  7  96.8
2021 184 17  7  96.8
2021 184 18  3  96.8
2021 184 19  3  96.8
2021 184 20  3  96.8
2021 184 21  0  96.8
2021 184 22  0  96.8
2021 184 23  0  96.8
2021 185  0  3  94.1
2021 185  1  3  94.1
2021 185  2  3  94.1
2021 185  3 13  94.1
2021 185  4 13  94.1
2021 185  5 13  94.1
2021 185  6  7  94.1
2021 185  7  7  94.1
2021 185  8  7  94.1
2021 185  9  3  94.1
2021 185 10  3  94.1
2021 185 11  3  94.1
2021 185 12  3  94.1
2021 185 13  3  94.1
2021 185 14  3  94.1
2021 185 15  7  94.1
2021 185 16  7  94.1
2021 185 17  7  94.1
2021 185 18  3  94.1
2021 185 19  3  94.1
2021 185 20  3  94.1
2021 185 21  3  94.1
2021 185 22  3  94.1
2021 185 23  3  94.1
2021 186  0 20  92.4
2021 186  1 20  92.4
2021 186  2 20  92.4
2021 186  3 13  92.4
2021 186  4 13  92.4
2021 186  5 13  92.4
2021 186  6 10  92.4
2021 186  7 10  92.4
2021 186  8 10  92.4
2021 186  9 20  92.4
2021 186 10 20  92.4
2021 186 11 20  92.4
2021 186 12 20  92.4
2021 186 13 20  92.4
2021 186 14 20  92.4
2021 186 15 13  92.4
2021 186 16 13  92.4
2021 186 17 13  92.4
2021 186 18 27  92.4
2021 186 19 27  92.4
2021 186 20 27  92.4
2021 186 21 20  92.4
2021 186 22 20  92.4
2021 186 23 20  92.4
2021 187  0 20  86.0
2021 187  1 20  86.0
2021 187  2 20  86.0
2021 187  3 13  86.0
2021 187  4 13  86.0
2021 187  5 13  86.0
2021 187  6 23  86.0
2021 187  7 23  86.0
2021 187  8 23  86.0
2021 187  9 10  86.0
2021 187 10 10  86.0
2021 187 11 10  86.0
2021 187 12 27  86.0
2021 187 13 27  86.0
2021 187 14 27  86.0
2021 187 15 13  86.0
2021 187 16 13  86.0
2021 187 17 13  86.0
2021 187 18 17  86.0
2021 187 19 17  86.0
2021 187 20 17  86.0
2021 187 21  7  86.0
2021 187 22  7  86.0
2021 187 23  7  86.0
2021 188  0 10  78.6
2021 188  1 10  78.6
2021 188  2 10  78.6
2021 188  3 13  78.6
2021 188  4 13  78.6
2021 188  5 13  78.6
2021 188  6 17  78.6
2021 188  7 17  78.6
2021 188  8 17  78.6
2021 188  9 10  78.6
2021 188 10 10  78.6
2021 188 11 10  78.6
2021 188 12  7  78.6
2021 188 13  7  78.6
2021 188 14  7  78.6
2021 188 15 10  78.6
2021 188 16 10  78.6
2021 188 17 10  78.6
2021 188 18 13  78.6
2021 188 19 13  78.6
2021 188 20 13  78.6
2021 188 21 20  78.6
2021 188 22 20  78.6
2021 188 23 20  78.6
2021 189  0 13  75.9
2021 189  1 13  75.9
2021 189  2 13  75.9
2021 189  3 10  75.9
2021 189  4 10  75.9
2021 189  5 10  75.9
2021 189  6 17  75.9
2021 189  7 17  75.9
2021 189  8 17  75.9
2021 189  9  3  75.9
2021 189 10  3  75.9
2021 189 11  3  75.9
2021 189 12  7  75.9
2021 189 13  7  75.9
2021 189 14  7  75.9
2021 189 15  7  75.9
2021 189 16  7  75.9
2021 189 17  7  75.9
2021 189 18 10  75.9
2021 189 19 10  75.9
2021 189 20 10  75.9
2021 189 21  3  75.9
2021 189 22  3  75.9
2021 189 23  3  75.9
2021 190  0 17  76.2
2021 190  1 17  76.2
2021 190  2 17  76.2
2021 190  3 13  76.2
2021 190  4 13  76.2
2021 190  5 13  76.2
2021 190  6 10  76.2
2021 190  7 10  76.2
2021 190  8 10  76.2
2021 190  9 10  76.2
2021 190 10 10  76.2
2021 190 11 10  76.2
2021 190 12  3  76.2
2021 190 13  3  76.2
2021 190 14  3  76.2
2021 190 15  7  76.2
2021 190 16  7  76.2
2021 190 17  7  76.2
2021 190 18  7  76.2
2021 190 19  7  76.2
2021 190 20  7  76.2
2021 190 21 13  76.2
2021 190 22 13  76.2
2021 190 23 13  76.2
2021 191  0 27  76.5
2021 191  1 27  76.5
2021 191  2 27  76.5
2021 191  3 23  76.5
2021 191  4 23  76.5
2021 191  5 23  76.5
2021 191  6  7  76.5
2021 191  7  7  76.5
2021 191  8  7  76.5
2021 191  9  3  76.5
2021 191 10  3  76.5
2021 191 11  3  76.5
2021 191 12  3  76.5
2021 191 13  3  76.5
2021 191 14  3  76.5
2021 191 15 13  76.5
2021 191 16 13  76.5
2021 191 17 13  76.5
2021 191 18 13  76.5
2021 191 19 13  76.5
2021 191 20 13  76.5
2021 191 21 20  76.5
2021 191 22 20  76.5
2021 191 23 20  76.5
2021 192  0  3  76.0
2021 192  1  3  76.0
2021 192  2  3  76.0
2021 192  3  0  76.0
2021 192  4  0  76.0
2021 192  5  0  76.0
2021 192  6  3  76.0
2021 192  7  3  76.0
2021 192  8  3  76.0
2021 192  9  3  76.0
2021 192 10  3  76.0
2021 192 11  3  76.0
2021 192 12 10  76.0
2021 192 13 10  76.0
2021 192 14 10  76.0
2021 192 15 13  76.0
2021 192 16 13  76.0
2021 192 17 13  76.0
2021 192 18 13  76.0
2021 192 19 13  76.0
2021 192 20 13  76.0
2021 192 21 10  76.0
2021 192 22 10  76.0
2021 192 23 10  76.0