Year  DOY  Hour  Kp  F10.7
2013 244  0 33
2013 244  1 33
2013 244  2 33
2013 244  3 20
2013 244  4 20
2013 244  5 20
2013 244  6 23
2013 244  7 23
2013 244  8 23
2013 244  9 13
2013 244 10 13
2013 244 11 13
2013 244 12 27
2013 244 13 27
2013 244 14 27
2013 244 15 20
2013 244 16 20
2013 244 17 20
2013 244 18 23
2013 244 19 23
2013 244 20 23
2013 244 21 23
2013 244 22 23
2013 244 23 23
2013 245  0 13
2013 245  1 13
2013 245  2 13
2013 245  3 33
2013 245  4 33
2013 245  5 33
2013 245  6 33
2013 245  7 33
2013 245  8 33
2013 245  9 20
2013 245 10 20
2013 245 11 20
2013 245 12 27
2013 245 13 27
2013 245 14 27
2013 245 15 17
2013 245 16 17
2013 245 17 17
2013 245 18 13
2013 245 19 13
2013 245 20 13
2013 245 21  7
2013 245 22  7
2013 245 23  7
2013 246  0 13
2013 246  1 13
2013 246  2 13
2013 246  3  3
2013 246  4  3
2013 246  5  3
2013 246  6 10
2013 246  7 10
2013 246  8 10
2013 246  9 17
2013 246 10 17
2013 246 11 17
2013 246 12 20
2013 246 13 20
2013 246 14 20
2013 246 15 10
2013 246 16 10
2013 246 17 10
2013 246 18 17
2013 246 19 17
2013 246 20 17
2013 246 21 33
2013 246 22 33
2013 246 23 33
2013 247  0 20
2013 247  1 20
2013 247  2 20
2013 247  3  7
2013 247  4  7
2013 247  5  7
2013 247  6 10
2013 247  7 10
2013 247  8 10
2013 247  9 17
2013 247 10 17
2013 247 11 17
2013 247 12 13
2013 247 13 13
2013 247 14 13
2013 247 15  7
2013 247 16  7
2013 247 17  7
2013 247 18 17
2013 247 19 17
2013 247 20 17
2013 247 21 13
2013 247 22 13
2013 247 23 13
2013 248  0  0
2013 248  1  0
2013 248  2  0
2013 248  3  0
2013 248  4  0
2013 248  5  0
2013 248  6  0
2013 248  7  0
2013 248  8  0
2013 248  9 17
2013 248 10 17
2013 248 11 17
2013 248 12  7
2013 248 13  7
2013 248 14  7
2013 248 15  7
2013 248 16  7
2013 248 17  7
2013 248 18 10
2013 248 19 10
2013 248 20 10
2013 248 21  7
2013 248 22  7
2013 248 23  7
2013 249  0 13
2013 249  1 13
2013 249  2 13
2013 249  3 13
2013 249  4 13
2013 249  5 13
2013 249  6  7
2013 249  7  7
2013 249  8  7
2013 249  9 10
2013 249 10 10
2013 249 11 10
2013 249 12 10
2013 249 13 10
2013 249 14 10
2013 249 15  7
2013 249 16  7
2013 249 17  7
2013 249 18 20
2013 249 19 20
2013 249 20 20
2013 249 21 17
2013 249 22 17
2013 249 23 17
2013 250  0  3
2013 250  1  3
2013 250  2  3
2013 250  3 10
2013 250  4 10
2013 250  5 10
2013 250  6 10
2013 250  7 10
2013 250  8 10
2013 250  9  7
2013 250 10  7
2013 250 11  7
2013 250 12  7
2013 250 13  7
2013 250 14  7
2013 250 15  3
2013 250 16  3
2013 250 17  3
2013 250 18  3
2013 250 19  3
2013 250 20  3
2013 250 21  7
2013 250 22  7
2013 250 23  7
2013 251  0 17
2013 251  1 17
2013 251  2 17
2013 251  3 30
2013 251  4 30
2013 251  5 30
2013 251  6 13
2013 251  7 13
2013 251  8 13
2013 251  9 10
2013 251 10 10
2013 251 11 10
2013 251 12 17
2013 251 13 17
2013 251 14 17
2013 251 15 13
2013 251 16 13
2013 251 17 13
2013 251 18  7
2013 251 19  7
2013 251 20  7
2013 251 21  0
2013 251 22  0
2013 251 23  0
2013 252  0  0
2013 252  1  0
2013 252  2  0
2013 252  3 10
2013 252  4 10
2013 252  5 10
2013 252  6 13
2013 252  7 13
2013 252  8 13
2013 252  9 10
2013 252 10 10
2013 252 11 10
2013 252 12  3
2013 252 13  3
2013 252 14  3
2013 252 15  3
2013 252 16  3
2013 252 17  3
2013 252 18  7
2013 252 19  7
2013 252 20  7
2013 252 21  3
2013 252 22  3
2013 252 23  3
2013 253  0  0
2013 253  1  0
2013 253  2  0
2013 253  3  0
2013 253  4  0
2013 253  5  0
2013 253  6  0
2013 253  7  0
2013 253  8  0
2013 253  9 23
2013 253 10 23
2013 253 11 23
2013 253 12 23
2013 253 13 23
2013 253 14 23
2013 253 15 27
2013 253 16 27
2013 253 17 27
2013 253 18 27
2013 253 19 27
2013 253 20 27
2013 253 21 23
2013 253 22 23
2013 253 23 23
2013 254  0 17
2013 254  1 17
2013 254  2 17
2013 254  3  3
2013 254  4  3
2013 254  5  3
2013 254  6  7
2013 254  7  7
2013 254  8  7
2013 254  9 17
2013 254 10 17
2013 254 11 17
2013 254 12 17
2013 254 13 17
2013 254 14 17
2013 254 15 10
2013 254 16 10
2013 254 17 10
2013 254 18 17
2013 254 19 17
2013 254 20 17
2013 254 21 17
2013 254 22 17
2013 254 23 17
2013 255  0 23
2013 255  1 23
2013 255  2 23
2013 255  3  3
2013 255  4  3
2013 255  5  3
2013 255  6 13
2013 255  7 13
2013 255  8 13
2013 255  9 13
2013 255 10 13
2013 255 11 13
2013 255 12 10
2013 255 13 10
2013 255 14 10
2013 255 15 13
2013 255 16 13
2013 255 17 13
2013 255 18 20
2013 255 19 20
2013 255 20 20
2013 255 21 27
2013 255 22 27
2013 255 23 27
2013 256  0 30
2013 256  1 30
2013 256  2 30
2013 256  3 17
2013 256  4 17
2013 256  5 17
2013 256  6 20
2013 256  7 20
2013 256  8 20
2013 256  9 13
2013 256 10 13
2013 256 11 13
2013 256 12 20
2013 256 13 20
2013 256 14 20
2013 256 15 37
2013 256 16 37
2013 256 17 37
2013 256 18 23
2013 256 19 23
2013 256 20 23
2013 256 21 10
2013 256 22 10
2013 256 23 10
2013 257  0 17
2013 257  1 17
2013 257  2 17
2013 257  3 17
2013 257  4 17
2013 257  5 17
2013 257  6 23
2013 257  7 23
2013 257  8 23
2013 257  9 13
2013 257 10 13
2013 257 11 13
2013 257 12 13
2013 257 13 13
2013 257 14 13
2013 257 15  3
2013 257 16  3
2013 257 17  3
2013 257 18 10
2013 257 19 10
2013 257 20 10
2013 257 21  7
2013 257 22  7
2013 257 23  7
2013 258  0 13
2013 258  1 13
2013 258  2 13
2013 258  3  0
2013 258  4  0
2013 258  5  0
2013 258  6  0
2013 258  7  0
2013 258  8  0
2013 258  9  0
2013 258 10  0
2013 258 11  0
2013 258 12  0
2013 258 13  0
2013 258 14  0
2013 258 15  7
2013 258 16  7
2013 258 17  7
2013 258 18  7
2013 258 19  7
2013 258 20  7
2013 258 21 10
2013 258 22 10
2013 258 23 10
2013 259  0 17
2013 259  1 17
2013 259  2 17
2013 259  3  7
2013 259  4  7
2013 259  5  7
2013 259  6 13
2013 259  7 13
2013 259  8 13
2013 259  9 10
2013 259 10 10
2013 259 11 10
2013 259 12  7
2013 259 13  7
2013 259 14  7
2013 259 15  7
2013 259 16  7
2013 259 17  7
2013 259 18  3
2013 259 19  3
2013 259 20  3
2013 259 21 10
2013 259 22 10
2013 259 23 10
2013 260  0 17
2013 260  1 17
2013 260  2 17
2013 260  3 23
2013 260  4 23
2013 260  5 23
2013 260  6 23
2013 260  7 23
2013 260  8 23
2013 260  9  7
2013 260 10  7
2013 260 11  7
2013 260 12 17
2013 260 13 17
2013 260 14 17
2013 260 15 17
2013 260 16 17
2013 260 17 17
2013 260 18 30
2013 260 19 30
2013 260 20 30
2013 260 21 20
2013 260 22 20
2013 260 23 20
2013 261  0 23
2013 261  1 23
2013 261  2 23
2013 261  3 23
2013 261  4 23
2013 261  5 23
2013 261  6  3
2013 261  7  3
2013 261  8  3
2013 261  9 13
2013 261 10 13
2013 261 11 13
2013 261 12 20
2013 261 13 20
2013 261 14 20
2013 261 15 27
2013 261 16 27
2013 261 17 27
2013 261 18 23
2013 261 19 23
2013 261 20 23
2013 261 21 27
2013 261 22 27
2013 261 23 27
2013 262  0 27
2013 262  1 27
2013 262  2 27
2013 262  3 30
2013 262  4 30
2013 262  5 30
2013 262  6 40
2013 262  7 40
2013 262  8 40
2013 262  9 37
2013 262 10 37
2013 262 11 37
2013 262 12 17
2013 262 13 17
2013 262 14 17
2013 262 15 17
2013 262 16 17
2013 262 17 17
2013 262 18 27
2013 262 19 27
2013 262 20 27
2013 262 21 17
2013 262 22 17
2013 262 23 17
2013 263  0 17
2013 263  1 17
2013 263  2 17
2013 263  3 23
2013 263  4 23
2013 263  5 23
2013 263  6 17
2013 263  7 17
2013 263  8 17
2013 263  9 13
2013 263 10 13
2013 263 11 13
2013 263 12 20
2013 263 13 20
2013 263 14 20
2013 263 15  3
2013 263 16  3
2013 263 17  3
2013 263 18  7
2013 263 19  7
2013 263 20  7
2013 263 21 20
2013 263 22 20
2013 263 23 20
2013 264  0 13
2013 264  1 13
2013 264  2 13
2013 264  3 20
2013 264  4 20
2013 264  5 20
2013 264  6 17
2013 264  7 17
2013 264  8 17
2013 264  9 27
2013 264 10 27
2013 264 11 27
2013 264 12 20
2013 264 13 20
2013 264 14 20
2013 264 15 23
2013 264 16 23
2013 264 17 23
2013 264 18 20
2013 264 19 20
2013 264 20 20
2013 264 21 17
2013 264 22 17
2013 264 23 17
2013 265  0 23
2013 265  1 23
2013 265  2 23
2013 265  3 20
2013 265  4 20
2013 265  5 20
2013 265  6 20
2013 265  7 20
2013 265  8 20
2013 265  9  7
2013 265 10  7
2013 265 11  7
2013 265 12 13
2013 265 13 13
2013 265 14 13
2013 265 15  7
2013 265 16  7
2013 265 17  7
2013 265 18  3
2013 265 19  3
2013 265 20  3
2013 265 21  7
2013 265 22  7
2013 265 23  7
2013 266  0  7
2013 266  1  7
2013 266  2  7
2013 266  3 20
2013 266  4 20
2013 266  5 20
2013 266  6 13
2013 266  7 13
2013 266  8 13
2013 266  9  3
2013 266 10  3
2013 266 11  3
2013 266 12  7
2013 266 13  7
2013 266 14  7
2013 266 15  7
2013 266 16  7
2013 266 17  7
2013 266 18 17
2013 266 19 17
2013 266 20 17
2013 266 21 13
2013 266 22 13
2013 266 23 13
2013 267  0 17
2013 267  1 17
2013 267  2 17
2013 267  3 10
2013 267  4 10
2013 267  5 10
2013 267  6  7
2013 267  7  7
2013 267  8  7
2013 267  9 37
2013 267 10 37
2013 267 11 37
2013 267 12 43
2013 267 13 43
2013 267 14 43
2013 267 15 33
2013 267 16 33
2013 267 17 33
2013 267 18 10
2013 267 19 10
2013 267 20 10
2013 267 21 13
2013 267 22 13
2013 267 23 13
2013 268  0 27
2013 268  1 27
2013 268  2 27
2013 268  3 17
2013 268  4 17
2013 268  5 17
2013 268  6 17
2013 268  7 17
2013 268  8 17
2013 268  9  3
2013 268 10  3
2013 268 11  3
2013 268 12  3
2013 268 13  3
2013 268 14  3
2013 268 15  0
2013 268 16  0
2013 268 17  0
2013 268 18  0
2013 268 19  0
2013 268 20  0
2013 268 21  7
2013 268 22  7
2013 268 23  7
2013 269  0  0
2013 269  1  0
2013 269  2  0
2013 269  3  0
2013 269  4  0
2013 269  5  0
2013 269  6  0
2013 269  7  0
2013 269  8  0
2013 269  9  3
2013 269 10  3
2013 269 11  3
2013 269 12  3
2013 269 13  3
2013 269 14  3
2013 269 15  0
2013 269 16  0
2013 269 17  0
2013 269 18  3
2013 269 19  3
2013 269 20  3
2013 269 21  0
2013 269 22  0
2013 269 23  0
2013 270  0  0
2013 270  1  0
2013 270  2  0
2013 270  3  0
2013 270  4  0
2013 270  5  0
2013 270  6  0
2013 270  7  0
2013 270  8  0
2013 270  9  0
2013 270 10  0
2013 270 11  0
2013 270 12  3
2013 270 13  3
2013 270 14  3
2013 270 15  0
2013 270 16  0
2013 270 17  0
2013 270 18  7
2013 270 19  7
2013 270 20  7
2013 270 21  3
2013 270 22  3
2013 270 23  3
2013 271  0  0
2013 271  1  0
2013 271  2  0
2013 271  3  0
2013 271  4  0
2013 271  5  0
2013 271  6  0
2013 271  7  0
2013 271  8  0
2013 271  9  0
2013 271 10  0
2013 271 11  0
2013 271 12  0
2013 271 13  0
2013 271 14  0
2013 271 15  0
2013 271 16  0
2013 271 17  0
2013 271 18  3
2013 271 19  3
2013 271 20  3
2013 271 21  0
2013 271 22  0
2013 271 23  0
2013 272  0  0
2013 272  1  0
2013 272  2  0
2013 272  3  0
2013 272  4  0
2013 272  5  0
2013 272  6  0
2013 272  7  0
2013 272  8  0
2013 272  9  0
2013 272 10  0
2013 272 11  0
2013 272 12  0
2013 272 13  0
2013 272 14  0
2013 272 15  0
2013 272 16  0
2013 272 17  0
2013 272 18 10
2013 272 19 10
2013 272 20 10
2013 272 21 17
2013 272 22 17
2013 272 23 17
2013 273  0 17
2013 273  1 17
2013 273  2 17
2013 273  3 10
2013 273  4 10
2013 273  5 10
2013 273  6  3
2013 273  7  3
2013 273  8  3
2013 273  9  0
2013 273 10  0
2013 273 11  0
2013 273 12  0
2013 273 13  0
2013 273 14  0
2013 273 15  0
2013 273 16  0
2013 273 17  0
2013 273 18  0
2013 273 19  0
2013 273 20  0
2013 273 21  3
2013 273 22  3
2013 273 23  3
2013 274  0  0
2013 274  1  0
2013 274  2  0
2013 274  3  0
2013 274  4  0
2013 274  5  0
2013 274  6  7
2013 274  7  7
2013 274  8  7
2013 274  9  3
2013 274 10  3
2013 274 11  3
2013 274 12 20
2013 274 13 20
2013 274 14 20
2013 274 15 17
2013 274 16 17
2013 274 17 17
2013 274 18 20
2013 274 19 20
2013 274 20 20
2013 274 21 23
2013 274 22 23
2013 274 23 23
2013 275  0 53
2013 275  1 53
2013 275  2 53
2013 275  3 77
2013 275  4 77
2013 275  5 77
2013 275  6 57
2013 275  7 57
2013 275  8 57
2013 275  9 37
2013 275 10 37
2013 275 11 37
2013 275 12 30
2013 275 13 30
2013 275 14 30
2013 275 15 33
2013 275 16 33
2013 275 17 33
2013 275 18 57
2013 275 19 57
2013 275 20 57
2013 275 21 47
2013 275 22 47
2013 275 23 47
2013 276  0 33
2013 276  1 33
2013 276  2 33
2013 276  3  3
2013 276  4  3
2013 276  5  3
2013 276  6  0
2013 276  7  0
2013 276  8  0
2013 276  9  0
2013 276 10  0
2013 276 11  0
2013 276 12  0
2013 276 13  0
2013 276 14  0
2013 276 15 13
2013 276 16 13
2013 276 17 13
2013 276 18 17
2013 276 19 17
2013 276 20 17
2013 276 21  0
2013 276 22  0
2013 276 23  0
2013 277  0  0
2013 277  1  0
2013 277  2  0
2013 277  3  0
2013 277  4  0
2013 277  5  0
2013 277  6  0
2013 277  7  0
2013 277  8  0
2013 277  9  0
2013 277 10  0
2013 277 11  0
2013 277 12  0
2013 277 13  0
2013 277 14  0
2013 277 15  7
2013 277 16  7
2013 277 17  7
2013 277 18  3
2013 277 19  3
2013 277 20  3
2013 277 21  0
2013 277 22  0
2013 277 23  0
2013 278  0  0
2013 278  1  0
2013 278  2  0
2013 278  3  0
2013 278  4  0
2013 278  5  0
2013 278  6  0
2013 278  7  0
2013 278  8  0
2013 278  9  3
2013 278 10  3
2013 278 11  3
2013 278 12  0
2013 278 13  0
2013 278 14  0
2013 278 15  0
2013 278 16  0
2013 278 17  0
2013 278 18  0
2013 278 19  0
2013 278 20  0
2013 278 21  0
2013 278 22  0
2013 278 23  0
2013 279  0  0
2013 279  1  0
2013 279  2  0
2013 279  3  0
2013 279  4  0
2013 279  5  0
2013 279  6  3
2013 279  7  3
2013 279  8  3
2013 279  9  3
2013 279 10  3
2013 279 11  3
2013 279 12  7
2013 279 13  7
2013 279 14  7
2013 279 15  3
2013 279 16  3
2013 279 17  3
2013 279 18  3
2013 279 19  3
2013 279 20  3
2013 279 21 13
2013 279 22 13
2013 279 23 13
2013 280  0 10
2013 280  1 10
2013 280  2 10
2013 280  3 27
2013 280  4 27
2013 280  5 27
2013 280  6 17
2013 280  7 17
2013 280  8 17
2013 280  9  7
2013 280 10  7
2013 280 11  7
2013 280 12  7
2013 280 13  7
2013 280 14  7
2013 280 15  7
2013 280 16  7
2013 280 17  7
2013 280 18  7
2013 280 19  7
2013 280 20  7
2013 280 21  7
2013 280 22  7
2013 280 23  7
2013 281  0  3
2013 281  1  3
2013 281  2  3
2013 281  3  7
2013 281  4  7
2013 281  5  7
2013 281  6  3
2013 281  7  3
2013 281  8  3
2013 281  9  7
2013 281 10  7
2013 281 11  7
2013 281 12 13
2013 281 13 13
2013 281 14 13
2013 281 15 10
2013 281 16 10
2013 281 17 10
2013 281 18 50
2013 281 19 50
2013 281 20 50
2013 281 21 57
2013 281 22 57
2013 281 23 57
2013 282  0 50
2013 282  1 50
2013 282  2 50
2013 282  3 50
2013 282  4 50
2013 282  5 50
2013 282  6 53
2013 282  7 53
2013 282  8 53
2013 282  9 37
2013 282 10 37
2013 282 11 37
2013 282 12 30
2013 282 13 30
2013 282 14 30
2013 282 15 33
2013 282 16 33
2013 282 17 33
2013 282 18 17
2013 282 19 17
2013 282 20 17
2013 282 21 33
2013 282 22 33
2013 282 23 33
2013 283  0 37
2013 283  1 37
2013 283  2 37
2013 283  3 37
2013 283  4 37
2013 283  5 37
2013 283  6 17
2013 283  7 17
2013 283  8 17
2013 283  9 20
2013 283 10 20
2013 283 11 20
2013 283 12 10
2013 283 13 10
2013 283 14 10
2013 283 15 13
2013 283 16 13
2013 283 17 13
2013 283 18  7
2013 283 19  7
2013 283 20  7
2013 283 21 10
2013 283 22 10
2013 283 23 10
2013 284  0 17
2013 284  1 17
2013 284  2 17
2013 284  3 20
2013 284  4 20
2013 284  5 20
2013 284  6 20
2013 284  7 20
2013 284  8 20
2013 284  9 13
2013 284 10 13
2013 284 11 13
2013 284 12 17
2013 284 13 17
2013 284 14 17
2013 284 15  7
2013 284 16  7
2013 284 17  7
2013 284 18 10
2013 284 19 10
2013 284 20 10
2013 284 21  7
2013 284 22  7
2013 284 23  7
2013 285  0  0
2013 285  1  0
2013 285  2  0
2013 285  3 10
2013 285  4 10
2013 285  5 10
2013 285  6  3
2013 285  7  3
2013 285  8  3
2013 285  9 10
2013 285 10 10
2013 285 11 10
2013 285 12  7
2013 285 13  7
2013 285 14  7
2013 285 15  7
2013 285 16  7
2013 285 17  7
2013 285 18 20
2013 285 19 20
2013 285 20 20
2013 285 21 23
2013 285 22 23
2013 285 23 23
2013 286  0 13
2013 286  1 13
2013 286  2 13
2013 286  3  0
2013 286  4  0
2013 286  5  0
2013 286  6  0
2013 286  7  0
2013 286  8  0
2013 286  9  3
2013 286 10  3
2013 286 11  3
2013 286 12  0
2013 286 13  0
2013 286 14  0
2013 286 15  3
2013 286 16  3
2013 286 17  3
2013 286 18  7
2013 286 19  7
2013 286 20  7
2013 286 21  0
2013 286 22  0
2013 286 23  0
