Year  DOY  Hour  Kp  F10.7
2015 244  0 17  90.7
2015 244  1 17  90.7
2015 244  2 17  90.7
2015 244  3 10  90.7
2015 244  4 10  90.7
2015 244  5 10  90.7
2015 244  6  7  90.7
2015 244  7  7  90.7
2015 244  8  7  90.7
2015 244  9 13  90.7
2015 244 10 13  90.7
2015 244 11 13  90.7
2015 244 12 10  90.7
2015 244 13 10  90.7
2015 244 14 10  90.7
2015 244 15  7  90.7
2015 244 16  7  90.7
2015 244 17  7  90.7
2015 244 18 10  90.7
2015 244 19 10  90.7
2015 244 20 10  90.7
2015 244 21 17  90.7
2015 244 22 17  90.7
2015 244 23 17  90.7
2015 245  0 20  89.8
2015 245  1 20  89.8
2015 245  2 20  89.8
2015 245  3 13  89.8
2015 245  4 13  89.8
2015 245  5 13  89.8
2015 245  6  7  89.8
2015 245  7  7  89.8
2015 245  8  7  89.8
2015 245  9  3  89.8
2015 245 10  3  89.8
2015 245 11  3  89.8
2015 245 12 17  89.8
2015 245 13 17  89.8
2015 245 14 17  89.8
2015 245 15 23  89.8
2015 245 16 23  89.8
2015 245 17 23  89.8
2015 245 18 30  89.8
2015 245 19 30  89.8
2015 245 20 30  89.8
2015 245 21 23  89.8
2015 245 22 23  89.8
2015 245 23 23  89.8
2015 246  0 20  88.0
2015 246  1 20  88.0
2015 246  2 20  88.0
2015 246  3 27  88.0
2015 246  4 27  88.0
2015 246  5 27  88.0
2015 246  6 13  88.0
2015 246  7 13  88.0
2015 246  8 13  88.0
2015 246  9 10  88.0
2015 246 10 10  88.0
2015 246 11 10  88.0
2015 246 12 10  88.0
2015 246 13 10  88.0
2015 246 14 10  88.0
2015 246 15 17  88.0
2015 246 16 17  88.0
2015 246 17 17  88.0
2015 246 18 17  88.0
2015 246 19 17  88.0
2015 246 20 17  88.0
2015 246 21 33  88.0
2015 246 22 33  88.0
2015 246 23 33  88.0
2015 247  0 43  91.5
2015 247  1 43  91.5
2015 247  2 43  91.5
2015 247  3 40  91.5
2015 247  4 40  91.5
2015 247  5 40  91.5
2015 247  6 43  91.5
2015 247  7 43  91.5
2015 247  8 43  91.5
2015 247  9 33  91.5
2015 247 10 33  91.5
2015 247 11 33  91.5
2015 247 12 33  91.5
2015 247 13 33  91.5
2015 247 14 33  91.5
2015 247 15 23  91.5
2015 247 16 23  91.5
2015 247 17 23  91.5
2015 247 18 23  91.5
2015 247 19 23  91.5
2015 247 20 23  91.5
2015 247 21 27  91.5
2015 247 22 27  91.5
2015 247 23 27  91.5
2015 248  0 17  86.8
2015 248  1 17  86.8
2015 248  2 17  86.8
2015 248  3 23  86.8
2015 248  4 23  86.8
2015 248  5 23  86.8
2015 248  6 27  86.8
2015 248  7 27  86.8
2015 248  8 27  86.8
2015 248  9 20  86.8
2015 248 10 20  86.8
2015 248 11 20  86.8
2015 248 12 23  86.8
2015 248 13 23  86.8
2015 248 14 23  86.8
2015 248 15 37  86.8
2015 248 16 37  86.8
2015 248 17 37  86.8
2015 248 18 37  86.8
2015 248 19 37  86.8
2015 248 20 37  86.8
2015 248 21 20  86.8
2015 248 22 20  86.8
2015 248 23 20  86.8
2015 249  0 23  86.9
2015 249  1 23  86.9
2015 249  2 23  86.9
2015 249  3 27  86.9
2015 249  4 27  86.9
2015 249  5 27  86.9
2015 249  6 27  86.9
2015 249  7 27  86.9
2015 249  8 27  86.9
2015 249  9 27  86.9
2015 249 10 27  86.9
2015 249 11 27  86.9
2015 249 12 30  86.9
2015 249 13 30  86.9
2015 249 14 30  86.9
2015 249 15 23  86.9
2015 249 16 23  86.9
2015 249 17 23  86.9
2015 249 18 40  86.9
2015 249 19 40  86.9
2015 249 20 40  86.9
2015 249 21 20  86.9
2015 249 22 20  86.9
2015 249 23 20  86.9
2015 250  0 23  85.0
2015 250  1 23  85.0
2015 250  2 23  85.0
2015 250  3 30  85.0
2015 250  4 30  85.0
2015 250  5 30  85.0
2015 250  6 37  85.0
2015 250  7 37  85.0
2015 250  8 37  85.0
2015 250  9 27  85.0
2015 250 10 27  85.0
2015 250 11 27  85.0
2015 250 12 47  85.0
2015 250 13 47  85.0
2015 250 14 47  85.0
2015 250 15 63  85.0
2015 250 16 63  85.0
2015 250 17 63  85.0
2015 250 18 57  85.0
2015 250 19 57  85.0
2015 250 20 57  85.0
2015 250 21 63  85.0
2015 250 22 63  85.0
2015 250 23 63  85.0
2015 251  0 60  84.7
2015 251  1 60  84.7
2015 251  2 60  84.7
2015 251  3 53  84.7
2015 251  4 53  84.7
2015 251  5 53  84.7
2015 251  6 27  84.7
2015 251  7 27  84.7
2015 251  8 27  84.7
2015 251  9 13  84.7
2015 251 10 13  84.7
2015 251 11 13  84.7
2015 251 12 20  84.7
2015 251 13 20  84.7
2015 251 14 20  84.7
2015 251 15 20  84.7
2015 251 16 20  84.7
2015 251 17 20  84.7
2015 251 18 17  84.7
2015 251 19 17  84.7
2015 251 20 17  84.7
2015 251 21 37  84.7
2015 251 22 37  84.7
2015 251 23 37  84.7
2015 252  0 40  83.5
2015 252  1 40  83.5
2015 252  2 40  83.5
2015 252  3 57  83.5
2015 252  4 57  83.5
2015 252  5 57  83.5
2015 252  6 60  83.5
2015 252  7 60  83.5
2015 252  8 60  83.5
2015 252  9 60  83.5
2015 252 10 60  83.5
2015 252 11 60  83.5
2015 252 12 53  83.5
2015 252 13 53  83.5
2015 252 14 53  83.5
2015 252 15 47  83.5
2015 252 16 47  83.5
2015 252 17 47  83.5
2015 252 18 57  83.5
2015 252 19 57  83.5
2015 252 20 57  83.5
2015 252 21 53  83.5
2015 252 22 53  83.5
2015 252 23 53  83.5
2015 253  0 27  84.6
2015 253  1 27  84.6
2015 253  2 27  84.6
2015 253  3 10  84.6
2015 253  4 10  84.6
2015 253  5 10  84.6
2015 253  6 17  84.6
2015 253  7 17  84.6
2015 253  8 17  84.6
2015 253  9 10  84.6
2015 253 10 10  84.6
2015 253 11 10  84.6
2015 253 12 20  84.6
2015 253 13 20  84.6
2015 253 14 20  84.6
2015 253 15 33  84.6
2015 253 16 33  84.6
2015 253 17 33  84.6
2015 253 18 43  84.6
2015 253 19 43  84.6
2015 253 20 43  84.6
2015 253 21 30  84.6
2015 253 22 30  84.6
2015 253 23 30  84.6
2015 254  0 30  94.1
2015 254  1 30  94.1
2015 254  2 30  94.1
2015 254  3 40  94.1
2015 254  4 40  94.1
2015 254  5 40  94.1
2015 254  6 70  94.1
2015 254  7 70  94.1
2015 254  8 70  94.1
2015 254  9 63  94.1
2015 254 10 63  94.1
2015 254 11 63  94.1
2015 254 12 57  94.1
2015 254 13 57  94.1
2015 254 14 57  94.1
2015 254 15 67  94.1
2015 254 16 67  94.1
2015 254 17 67  94.1
2015 254 18 30  94.1
2015 254 19 30  94.1
2015 254 20 30  94.1
2015 254 21 37  94.1
2015 254 22 37  94.1
2015 254 23 37  94.1
2015 255  0 40 100.4
2015 255  1 40 100.4
2015 255  2 40 100.4
2015 255  3 30 100.4
2015 255  4 30 100.4
2015 255  5 30 100.4
2015 255  6 43 100.4
2015 255  7 43 100.4
2015 255  8 43 100.4
2015 255  9 37 100.4
2015 255 10 37 100.4
2015 255 11 37 100.4
2015 255 12 27 100.4
2015 255 13 27 100.4
2015 255 14 27 100.4
2015 255 15 23 100.4
2015 255 16 23 100.4
2015 255 17 23 100.4
2015 255 18 13 100.4
2015 255 19 13 100.4
2015 255 20 13 100.4
2015 255 21 17 100.4
2015 255 22 17 100.4
2015 255 23 17 100.4
2015 256  0 10 100.0
2015 256  1 10 100.0
2015 256  2 10 100.0
2015 256  3 13 100.0
2015 256  4 13 100.0
2015 256  5 13 100.0
2015 256  6 17 100.0
2015 256  7 17 100.0
2015 256  8 17 100.0
2015 256  9 27 100.0
2015 256 10 27 100.0
2015 256 11 27 100.0
2015 256 12 20 100.0
2015 256 13 20 100.0
2015 256 14 20 100.0
2015 256 15 37 100.0
2015 256 16 37 100.0
2015 256 17 37 100.0
2015 256 18 33 100.0
2015 256 19 33 100.0
2015 256 20 33 100.0
2015 256 21 27 100.0
2015 256 22 27 100.0
2015 256 23 27 100.0
2015 257  0 20  97.7
2015 257  1 20  97.7
2015 257  2 20  97.7
2015 257  3 20  97.7
2015 257  4 20  97.7
2015 257  5 20  97.7
2015 257  6 17  97.7
2015 257  7 17  97.7
2015 257  8 17  97.7
2015 257  9 23  97.7
2015 257 10 23  97.7
2015 257 11 23  97.7
2015 257 12 20  97.7
2015 257 13 20  97.7
2015 257 14 20  97.7
2015 257 15 47  97.7
2015 257 16 47  97.7
2015 257 17 47  97.7
2015 257 18 40  97.7
2015 257 19 40  97.7
2015 257 20 40  97.7
2015 257 21 27  97.7
2015 257 22 27  97.7
2015 257 23 27  97.7
2015 258  0 40 102.2
2015 258  1 40 102.2
2015 258  2 40 102.2
2015 258  3 33 102.2
2015 258  4 33 102.2
2015 258  5 33 102.2
2015 258  6 23 102.2
2015 258  7 23 102.2
2015 258  8 23 102.2
2015 258  9 33 102.2
2015 258 10 33 102.2
2015 258 11 33 102.2
2015 258 12 37 102.2
2015 258 13 37 102.2
2015 258 14 37 102.2
2015 258 15 30 102.2
2015 258 16 30 102.2
2015 258 17 30 102.2
2015 258 18 23 102.2
2015 258 19 23 102.2
2015 258 20 23 102.2
2015 258 21 30 102.2
2015 258 22 30 102.2
2015 258 23 30 102.2
2015 259  0 23 110.6
2015 259  1 23 110.6
2015 259  2 23 110.6
2015 259  3 27 110.6
2015 259  4 27 110.6
2015 259  5 27 110.6
2015 259  6 20 110.6
2015 259  7 20 110.6
2015 259  8 20 110.6
2015 259  9 13 110.6
2015 259 10 13 110.6
2015 259 11 13 110.6
2015 259 12 23 110.6
2015 259 13 23 110.6
2015 259 14 23 110.6
2015 259 15 33 110.6
2015 259 16 33 110.6
2015 259 17 33 110.6
2015 259 18 27 110.6
2015 259 19 27 110.6
2015 259 20 27 110.6
2015 259 21 33 110.6
2015 259 22 33 110.6
2015 259 23 33 110.6
2015 260  0 43 107.9
2015 260  1 43 107.9
2015 260  2 43 107.9
2015 260  3 23 107.9
2015 260  4 23 107.9
2015 260  5 23 107.9
2015 260  6 23 107.9
2015 260  7 23 107.9
2015 260  8 23 107.9
2015 260  9 23 107.9
2015 260 10 23 107.9
2015 260 11 23 107.9
2015 260 12 13 107.9
2015 260 13 13 107.9
2015 260 14 13 107.9
2015 260 15  7 107.9
2015 260 16  7 107.9
2015 260 17  7 107.9
2015 260 18  3 107.9
2015 260 19  3 107.9
2015 260 20  3 107.9
2015 260 21 27 107.9
2015 260 22 27 107.9
2015 260 23 27 107.9
2015 261  0 20 103.8
2015 261  1 20 103.8
2015 261  2 20 103.8
2015 261  3 20 103.8
2015 261  4 20 103.8
2015 261  5 20 103.8
2015 261  6 33 103.8
2015 261  7 33 103.8
2015 261  8 33 103.8
2015 261  9 27 103.8
2015 261 10 27 103.8
2015 261 11 27 103.8
2015 261 12 30 103.8
2015 261 13 30 103.8
2015 261 14 30 103.8
2015 261 15 20 103.8
2015 261 16 20 103.8
2015 261 17 20 103.8
2015 261 18 30 103.8
2015 261 19 30 103.8
2015 261 20 30 103.8
2015 261 21 23 103.8
2015 261 22 23 103.8
2015 261 23 23 103.8
2015 262  0 37 106.7
2015 262  1 37 106.7
2015 262  2 37 106.7
2015 262  3 40 106.7
2015 262  4 40 106.7
2015 262  5 40 106.7
2015 262  6 47 106.7
2015 262  7 47 106.7
2015 262  8 47 106.7
2015 262  9 27 106.7
2015 262 10 27 106.7
2015 262 11 27 106.7
2015 262 12 17 106.7
2015 262 13 17 106.7
2015 262 14 17 106.7
2015 262 15  3 106.7
2015 262 16  3 106.7
2015 262 17  3 106.7
2015 262 18 10 106.7
2015 262 19 10 106.7
2015 262 20 10 106.7
2015 262 21 30 106.7
2015 262 22 30 106.7
2015 262 23 30 106.7
2015 263  0 30 111.3
2015 263  1 30 111.3
2015 263  2 30 111.3
2015 263  3 47 111.3
2015 263  4 47 111.3
2015 263  5 47 111.3
2015 263  6 70 111.3
2015 263  7 70 111.3
2015 263  8 70 111.3
2015 263  9 53 111.3
2015 263 10 53 111.3
2015 263 11 53 111.3
2015 263 12 43 111.3
2015 263 13 43 111.3
2015 263 14 43 111.3
2015 263 15 50 111.3
2015 263 16 50 111.3
2015 263 17 50 111.3
2015 263 18 27 111.3
2015 263 19 27 111.3
2015 263 20 27 111.3
2015 263 21 30 111.3
2015 263 22 30 111.3
2015 263 23 30 111.3
2015 264  0 33 104.2
2015 264  1 33 104.2
2015 264  2 33 104.2
2015 264  3 27 104.2
2015 264  4 27 104.2
2015 264  5 27 104.2
2015 264  6 17 104.2
2015 264  7 17 104.2
2015 264  8 17 104.2
2015 264  9 23 104.2
2015 264 10 23 104.2
2015 264 11 23 104.2
2015 264 12 17 104.2
2015 264 13 17 104.2
2015 264 14 17 104.2
2015 264 15 17 104.2
2015 264 16 17 104.2
2015 264 17 17 104.2
2015 264 18 10 104.2
2015 264 19 10 104.2
2015 264 20 10 104.2
2015 264 21 10 104.2
2015 264 22 10 104.2
2015 264 23 10 104.2
2015 265  0 23 107.8
2015 265  1 23 107.8
2015 265  2 23 107.8
2015 265  3 23 107.8
2015 265  4 23 107.8
2015 265  5 23 107.8
2015 265  6 37 107.8
2015 265  7 37 107.8
2015 265  8 37 107.8
2015 265  9 17 107.8
2015 265 10 17 107.8
2015 265 11 17 107.8
2015 265 12 27 107.8
2015 265 13 27 107.8
2015 265 14 27 107.8
2015 265 15 20 107.8
2015 265 16 20 107.8
2015 265 17 20 107.8
2015 265 18 17 107.8
2015 265 19 17 107.8
2015 265 20 17 107.8
2015 265 21 13 107.8
2015 265 22 13 107.8
2015 265 23 13 107.8
2015 266  0 13 111.4
2015 266  1 13 111.4
2015 266  2 13 111.4
2015 266  3 17 111.4
2015 266  4 17 111.4
2015 266  5 17 111.4
2015 266  6 33 111.4
2015 266  7 33 111.4
2015 266  8 33 111.4
2015 266  9 30 111.4
2015 266 10 30 111.4
2015 266 11 30 111.4
2015 266 12 23 111.4
2015 266 13 23 111.4
2015 266 14 23 111.4
2015 266 15 37 111.4
2015 266 16 37 111.4
2015 266 17 37 111.4
2015 266 18 33 111.4
2015 266 19 33 111.4
2015 266 20 33 111.4
2015 266 21 13 111.4
2015 266 22 13 111.4
2015 266 23 13 111.4
2015 267  0 27 107.4
2015 267  1 27 107.4
2015 267  2 27 107.4
2015 267  3 23 107.4
2015 267  4 23 107.4
2015 267  5 23 107.4
2015 267  6 17 107.4
2015 267  7 17 107.4
2015 267  8 17 107.4
2015 267  9 10 107.4
2015 267 10 10 107.4
2015 267 11 10 107.4
2015 267 12 10 107.4
2015 267 13 10 107.4
2015 267 14 10 107.4
2015 267 15 10 107.4
2015 267 16 10 107.4
2015 267 17 10 107.4
2015 267 18 17 107.4
2015 267 19 17 107.4
2015 267 20 17 107.4
2015 267 21 23 107.4
2015 267 22 23 107.4
2015 267 23 23 107.4
2015 268  0 20 120.5
2015 268  1 20 120.5
2015 268  2 20 120.5
2015 268  3 17 120.5
2015 268  4 17 120.5
2015 268  5 17 120.5
2015 268  6 13 120.5
2015 268  7 13 120.5
2015 268  8 13 120.5
2015 268  9 23 120.5
2015 268 10 23 120.5
2015 268 11 23 120.5
2015 268 12 30 120.5
2015 268 13 30 120.5
2015 268 14 30 120.5
2015 268 15  7 120.5
2015 268 16  7 120.5
2015 268 17  7 120.5
2015 268 18  3 120.5
2015 268 19  3 120.5
2015 268 20  3 120.5
2015 268 21 13 120.5
2015 268 22 13 120.5
2015 268 23 13 120.5
2015 269  0 13 120.8
2015 269  1 13 120.8
2015 269  2 13 120.8
2015 269  3  7 120.8
2015 269  4  7 120.8
2015 269  5  7 120.8
2015 269  6  3 120.8
2015 269  7  3 120.8
2015 269  8  3 120.8
2015 269  9  3 120.8
2015 269 10  3 120.8
2015 269 11  3 120.8
2015 269 12  3 120.8
2015 269 13  3 120.8
2015 269 14  3 120.8
2015 269 15 17 120.8
2015 269 16 17 120.8
2015 269 17 17 120.8
2015 269 18 20 120.8
2015 269 19 20 120.8
2015 269 20 20 120.8
2015 269 21 13 120.8
2015 269 22 13 120.8
2015 269 23 13 120.8
2015 270  0  7 128.1
2015 270  1  7 128.1
2015 270  2  7 128.1
2015 270  3 10 128.1
2015 270  4 10 128.1
2015 270  5 10 128.1
2015 270  6  7 128.1
2015 270  7  7 128.1
2015 270  8  7 128.1
2015 270  9  3 128.1
2015 270 10  3 128.1
2015 270 11  3 128.1
2015 270 12  3 128.1
2015 270 13  3 128.1
2015 270 14  3 128.1
2015 270 15  3 128.1
2015 270 16  3 128.1
2015 270 17  3 128.1
2015 270 18 13 128.1
2015 270 19 13 128.1
2015 270 20 13 128.1
2015 270 21 13 128.1
2015 270 22 13 128.1
2015 270 23 13 128.1
2015 271  0 10 124.5
2015 271  1 10 124.5
2015 271  2 10 124.5
2015 271  3  7 124.5
2015 271  4  7 124.5
2015 271  5  7 124.5
2015 271  6  0 124.5
2015 271  7  0 124.5
2015 271  8  0 124.5
2015 271  9  3 124.5
2015 271 10  3 124.5
2015 271 11  3 124.5
2015 271 12  7 124.5
2015 271 13  7 124.5
2015 271 14  7 124.5
2015 271 15 10 124.5
2015 271 16 10 124.5
2015 271 17 10 124.5
2015 271 18 13 124.5
2015 271 19 13 124.5
2015 271 20 13 124.5
2015 271 21 17 124.5
2015 271 22 17 124.5
2015 271 23 17 124.5
2015 272  0 23 129.6
2015 272  1 23 129.6
2015 272  2 23 129.6
2015 272  3 27 129.6
2015 272  4 27 129.6
2015 272  5 27 129.6
2015 272  6 13 129.6
2015 272  7 13 129.6
2015 272  8 13 129.6
2015 272  9 13 129.6
2015 272 10 13 129.6
2015 272 11 13 129.6
2015 272 12  0 129.6
2015 272 13  0 129.6
2015 272 14  0 129.6
2015 272 15  3 129.6
2015 272 16  3 129.6
2015 272 17  3 129.6
2015 272 18  3 129.6
2015 272 19  3 129.6
2015 272 20  3 129.6
2015 272 21  7 129.6
2015 272 22  7 129.6
2015 272 23  7 129.6
2015 273  0  0 131.5
2015 273  1  0 131.5
2015 273  2  0 131.5
2015 273  3  0 131.5
2015 273  4  0 131.5
2015 273  5  0 131.5
2015 273  6  0 131.5
2015 273  7  0 131.5
2015 273  8  0 131.5
2015 273  9  7 131.5
2015 273 10  7 131.5
2015 273 11  7 131.5
2015 273 12  7 131.5
2015 273 13  7 131.5
2015 273 14  7 131.5
2015 273 15  3 131.5
2015 273 16  3 131.5
2015 273 17  3 131.5
2015 273 18  3 131.5
2015 273 19  3 131.5
2015 273 20  3 131.5
2015 273 21  7 131.5
2015 273 22  7 131.5
2015 273 23  7 131.5
2015 274  0 10 120.0
2015 274  1 10 120.0
2015 274  2 10 120.0
2015 274  3 10 120.0
2015 274  4 10 120.0
2015 274  5 10 120.0
2015 274  6 13 120.0
2015 274  7 13 120.0
2015 274  8 13 120.0
2015 274  9 10 120.0
2015 274 10 10 120.0
2015 274 11 10 120.0
2015 274 12 27 120.0
2015 274 13 27 120.0
2015 274 14 27 120.0
2015 274 15 37 120.0
2015 274 16 37 120.0
2015 274 17 37 120.0
2015 274 18 30 120.0
2015 274 19 30 120.0
2015 274 20 30 120.0
2015 274 21 33 120.0
2015 274 22 33 120.0
2015 274 23 33 120.0
2015 275  0 27 107.6
2015 275  1 27 107.6
2015 275  2 27 107.6
2015 275  3 37 107.6
2015 275  4 37 107.6
2015 275  5 37 107.6
2015 275  6 37 107.6
2015 275  7 37 107.6
2015 275  8 37 107.6
2015 275  9 23 107.6
2015 275 10 23 107.6
2015 275 11 23 107.6
2015 275 12 27 107.6
2015 275 13 27 107.6
2015 275 14 27 107.6
2015 275 15 23 107.6
2015 275 16 23 107.6
2015 275 17 23 107.6
2015 275 18 20 107.6
2015 275 19 20 107.6
2015 275 20 20 107.6
2015 275 21 17 107.6
2015 275 22 17 107.6
2015 275 23 17 107.6
2015 276  0 20  97.0
2015 276  1 20  97.0
2015 276  2 20  97.0
2015 276  3 33  97.0
2015 276  4 33  97.0
2015 276  5 33  97.0
2015 276  6 27  97.0
2015 276  7 27  97.0
2015 276  8 27  97.0
2015 276  9 17  97.0
2015 276 10 17  97.0
2015 276 11 17  97.0
2015 276 12 20  97.0
2015 276 13 20  97.0
2015 276 14 20  97.0
2015 276 15 27  97.0
2015 276 16 27  97.0
2015 276 17 27  97.0
2015 276 18 23  97.0
2015 276 19 23  97.0
2015 276 20 23  97.0
2015 276 21 13  97.0
2015 276 22 13  97.0
2015 276 23 13  97.0
2015 277  0 37  88.3
2015 277  1 37  88.3
2015 277  2 37  88.3
2015 277  3 43  88.3
2015 277  4 43  88.3
2015 277  5 43  88.3
2015 277  6 40  88.3
2015 277  7 40  88.3
2015 277  8 40  88.3
2015 277  9 23  88.3
2015 277 10 23  88.3
2015 277 11 23  88.3
2015 277 12 27  88.3
2015 277 13 27  88.3
2015 277 14 27  88.3
2015 277 15 17  88.3
2015 277 16 17  88.3
2015 277 17 17  88.3
2015 277 18 20  88.3
2015 277 19 20  88.3
2015 277 20 20  88.3
2015 277 21 37  88.3
2015 277 22 37  88.3
2015 277 23 37  88.3
2015 278  0 37  82.6
2015 278  1 37  82.6
2015 278  2 37  82.6
2015 278  3 37  82.6
2015 278  4 37  82.6
2015 278  5 37  82.6
2015 278  6 37  82.6
2015 278  7 37  82.6
2015 278  8 37  82.6
2015 278  9 50  82.6
2015 278 10 50  82.6
2015 278 11 50  82.6
2015 278 12 30  82.6
2015 278 13 30  82.6
2015 278 14 30  82.6
2015 278 15 13  82.6
2015 278 16 13  82.6
2015 278 17 13  82.6
2015 278 18 17  82.6
2015 278 19 17  82.6
2015 278 20 17  82.6
2015 278 21 20  82.6
2015 278 22 20  82.6
2015 278 23 20  82.6
2015 279  0 23  81.3
2015 279  1 23  81.3
2015 279  2 23  81.3
2015 279  3 37  81.3
2015 279  4 37  81.3
2015 279  5 37  81.3
2015 279  6 27  81.3
2015 279  7 27  81.3
2015 279  8 27  81.3
2015 279  9 17  81.3
2015 279 10 17  81.3
2015 279 11 17  81.3
2015 279 12 30  81.3
2015 279 13 30  81.3
2015 279 14 30  81.3
2015 279 15 33  81.3
2015 279 16 33  81.3
2015 279 17 33  81.3
2015 279 18 43  81.3
2015 279 19 43  81.3
2015 279 20 43  81.3
2015 279 21 43  81.3
2015 279 22 43  81.3
2015 279 23 43  81.3
2015 280  0 37  80.4
2015 280  1 37  80.4
2015 280  2 37  80.4
2015 280  3 60  80.4
2015 280  4 60  80.4
2015 280  5 60  80.4
2015 280  6 57  80.4
2015 280  7 57  80.4
2015 280  8 57  80.4
2015 280  9 50  80.4
2015 280 10 50  80.4
2015 280 11 50  80.4
2015 280 12 50  80.4
2015 280 13 50  80.4
2015 280 14 50  80.4
2015 280 15 63  80.4
2015 280 16 63  80.4
2015 280 17 63  80.4
2015 280 18 73  80.4
2015 280 19 73  80.4
2015 280 20 73  80.4
2015 280 21 60  80.4
2015 280 22 60  80.4
2015 280 23 60  80.4
2015 281  0 47  79.5
2015 281  1 47  79.5
2015 281  2 47  79.5
2015 281  3 57  79.5
2015 281  4 57  79.5
2015 281  5 57  79.5
2015 281  6 57  79.5
2015 281  7 57  79.5
2015 281  8 57  79.5
2015 281  9 43  79.5
2015 281 10 43  79.5
2015 281 11 43  79.5
2015 281 12 50  79.5
2015 281 13 50  79.5
2015 281 14 50  79.5
2015 281 15 47  79.5
2015 281 16 47  79.5
2015 281 17 47  79.5
2015 281 18 47  79.5
2015 281 19 47  79.5
2015 281 20 47  79.5
2015 281 21 43  79.5
2015 281 22 43  79.5
2015 281 23 43  79.5
2015 282  0 40  81.0
2015 282  1 40  81.0
2015 282  2 40  81.0
2015 282  3 37  81.0
2015 282  4 37  81.0
2015 282  5 37  81.0
2015 282  6 27  81.0
2015 282  7 27  81.0
2015 282  8 27  81.0
2015 282  9 33  81.0
2015 282 10 33  81.0
2015 282 11 33  81.0
2015 282 12 47  81.0
2015 282 13 47  81.0
2015 282 14 47  81.0
2015 282 15 47  81.0
2015 282 16 47  81.0
2015 282 17 47  81.0
2015 282 18 43  81.0
2015 282 19 43  81.0
2015 282 20 43  81.0
2015 282 21 40  81.0
2015 282 22 40  81.0
2015 282 23 40  81.0
2015 283  0 33  81.2
2015 283  1 33  81.2
2015 283  2 33  81.2
2015 283  3 30  81.2
2015 283  4 30  81.2
2015 283  5 30  81.2
2015 283  6 33  81.2
2015 283  7 33  81.2
2015 283  8 33  81.2
2015 283  9 17  81.2
2015 283 10 17  81.2
2015 283 11 17  81.2
2015 283 12 17  81.2
2015 283 13 17  81.2
2015 283 14 17  81.2
2015 283 15 27  81.2
2015 283 16 27  81.2
2015 283 17 27  81.2
2015 283 18 13  81.2
2015 283 19 13  81.2
2015 283 20 13  81.2
2015 283 21 20  81.2
2015 283 22 20  81.2
2015 283 23 20  81.2
2015 284  0 37  84.3
2015 284  1 37  84.3
2015 284  2 37  84.3
2015 284  3 27  84.3
2015 284  4 27  84.3
2015 284  5 27  84.3
2015 284  6 13  84.3
2015 284  7 13  84.3
2015 284  8 13  84.3
2015 284  9 13  84.3
2015 284 10 13  84.3
2015 284 11 13  84.3
2015 284 12 27  84.3
2015 284 13 27  84.3
2015 284 14 27  84.3
2015 284 15 23  84.3
2015 284 16 23  84.3
2015 284 17 23  84.3
2015 284 18 30  84.3
2015 284 19 30  84.3
2015 284 20 30  84.3
2015 284 21 30  84.3
2015 284 22 30  84.3
2015 284 23 30  84.3
2015 285  0 10  88.7
2015 285  1 10  88.7
2015 285  2 10  88.7
2015 285  3 27  88.7
2015 285  4 27  88.7
2015 285  5 27  88.7
2015 285  6 27  88.7
2015 285  7 27  88.7
2015 285  8 27  88.7
2015 285  9 40  88.7
2015 285 10 40  88.7
2015 285 11 40  88.7
2015 285 12 33  88.7
2015 285 13 33  88.7
2015 285 14 33  88.7
2015 285 15 50  88.7
2015 285 16 50  88.7
2015 285 17 50  88.7
2015 285 18 37  88.7
2015 285 19 37  88.7
2015 285 20 37  88.7
2015 285 21 40  88.7
2015 285 22 40  88.7
2015 285 23 40  88.7
2015 286  0 20  95.2
2015 286  1 20  95.2
2015 286  2 20  95.2
2015 286  3 37  95.2
2015 286  4 37  95.2
2015 286  5 37  95.2
2015 286  6 43  95.2
2015 286  7 43  95.2
2015 286  8 43  95.2
2015 286  9 43  95.2
2015 286 10 43  95.2
2015 286 11 43  95.2
2015 286 12 23  95.2
2015 286 13 23  95.2
2015 286 14 23  95.2
2015 286 15 40  95.2
2015 286 16 40  95.2
2015 286 17 40  95.2
2015 286 18 43  95.2
2015 286 19 43  95.2
2015 286 20 43  95.2
2015 286 21 43  95.2
2015 286 22 43  95.2
2015 286 23 43  95.2
2015 287  0 40 100.2
2015 287  1 40 100.2
2015 287  2 40 100.2
2015 287  3 43 100.2
2015 287  4 43 100.2
2015 287  5 43 100.2
2015 287  6 40 100.2
2015 287  7 40 100.2
2015 287  8 40 100.2
2015 287  9 40 100.2
2015 287 10 40 100.2
2015 287 11 40 100.2
2015 287 12 37 100.2
2015 287 13 37 100.2
2015 287 14 37 100.2
2015 287 15 27 100.2
2015 287 16 27 100.2
2015 287 17 27 100.2
2015 287 18 30 100.2
2015 287 19 30 100.2
2015 287 20 30 100.2
2015 287 21 23 100.2
2015 287 22 23 100.2
2015 287 23 23 100.2
2015 288  0 27 106.1
2015 288  1 27 106.1
2015 288  2 27 106.1
2015 288  3 20 106.1
2015 288  4 20 106.1
2015 288  5 20 106.1
2015 288  6 20 106.1
2015 288  7 20 106.1
2015 288  8 20 106.1
2015 288  9 20 106.1
2015 288 10 20 106.1
2015 288 11 20 106.1
2015 288 12 13 106.1
2015 288 13 13 106.1
2015 288 14 13 106.1
2015 288 15 13 106.1
2015 288 16 13 106.1
2015 288 17 13 106.1
2015 288 18 20 106.1
2015 288 19 20 106.1
2015 288 20 20 106.1
2015 288 21 27 106.1
2015 288 22 27 106.1
2015 288 23 27 106.1
2015 289  0 27 108.4
2015 289  1 27 108.4
2015 289  2 27 108.4
2015 289  3 27 108.4
2015 289  4 27 108.4
2015 289  5 27 108.4
2015 289  6 17 108.4
2015 289  7 17 108.4
2015 289  8 17 108.4
2015 289  9 10 108.4
2015 289 10 10 108.4
2015 289 11 10 108.4
2015 289 12 17 108.4
2015 289 13 17 108.4
2015 289 14 17 108.4
2015 289 15 13 108.4
2015 289 16 13 108.4
2015 289 17 13 108.4
2015 289 18  3 108.4
2015 289 19  3 108.4
2015 289 20  3 108.4
2015 289 21 13 108.4
2015 289 22 13 108.4
2015 289 23 13 108.4
2015 290  0 20 115.8
2015 290  1 20 115.8
2015 290  2 20 115.8
2015 290  3 27 115.8
2015 290  4 27 115.8
2015 290  5 27 115.8
2015 290  6 17 115.8
2015 290  7 17 115.8
2015 290  8 17 115.8
2015 290  9 20 115.8
2015 290 10 20 115.8
2015 290 11 20 115.8
2015 290 12 23 115.8
2015 290 13 23 115.8
2015 290 14 23 115.8
2015 290 15 23 115.8
2015 290 16 23 115.8
2015 290 17 23 115.8
2015 290 18 37 115.8
2015 290 19 37 115.8
2015 290 20 37 115.8
2015 290 21 17 115.8
2015 290 22 17 115.8
2015 290 23 17 115.8
2015 291  0 30 118.6
2015 291  1 30 118.6
2015 291  2 30 118.6
2015 291  3 30 118.6
2015 291  4 30 118.6
2015 291  5 30 118.6
2015 291  6 37 118.6
2015 291  7 37 118.6
2015 291  8 37 118.6
2015 291  9 47 118.6
2015 291 10 47 118.6
2015 291 11 47 118.6
2015 291 12 33 118.6
2015 291 13 33 118.6
2015 291 14 33 118.6
2015 291 15 37 118.6
2015 291 16 37 118.6
2015 291 17 37 118.6
2015 291 18 23 118.6
2015 291 19 23 118.6
2015 291 20 23 118.6
2015 291 21 23 118.6
2015 291 22 23 118.6
2015 291 23 23 118.6
2015 292  0  0 122.7
2015 292  1  0 122.7
2015 292  2  0 122.7
2015 292  3 17 122.7
2015 292  4 17 122.7
2015 292  5 17 122.7
2015 292  6 10 122.7
2015 292  7 10 122.7
2015 292  8 10 122.7
2015 292  9 10 122.7
2015 292 10 10 122.7
2015 292 11 10 122.7
2015 292 12 10 122.7
2015 292 13 10 122.7
2015 292 14 10 122.7
2015 292 15  7 122.7
2015 292 16  7 122.7
2015 292 17  7 122.7
2015 292 18 10 122.7
2015 292 19 10 122.7
2015 292 20 10 122.7
2015 292 21 10 122.7
2015 292 22 10 122.7
2015 292 23 10 122.7
2015 293  0 20 121.7
2015 293  1 20 121.7
2015 293  2 20 121.7
2015 293  3 27 121.7
2015 293  4 27 121.7
2015 293  5 27 121.7
2015 293  6 17 121.7
2015 293  7 17 121.7
2015 293  8 17 121.7
2015 293  9 17 121.7
2015 293 10 17 121.7
2015 293 11 17 121.7
2015 293 12 23 121.7
2015 293 13 23 121.7
2015 293 14 23 121.7
2015 293 15 20 121.7
2015 293 16 20 121.7
2015 293 17 20 121.7
2015 293 18 23 121.7
2015 293 19 23 121.7
2015 293 20 23 121.7
2015 293 21 23 121.7
2015 293 22 23 121.7
2015 293 23 23 121.7
2015 294  0 10 127.8
2015 294  1 10 127.8
2015 294  2 10 127.8
2015 294  3 23 127.8
2015 294  4 23 127.8
2015 294  5 23 127.8
2015 294  6 17 127.8
2015 294  7 17 127.8
2015 294  8 17 127.8
2015 294  9 33 127.8
2015 294 10 33 127.8
2015 294 11 33 127.8
2015 294 12 37 127.8
2015 294 13 37 127.8
2015 294 14 37 127.8
2015 294 15 20 127.8
2015 294 16 20 127.8
2015 294 17 20 127.8
2015 294 18 20 127.8
2015 294 19 20 127.8
2015 294 20 20 127.8
2015 294 21 13 127.8
2015 294 22 13 127.8
2015 294 23 13 127.8
2015 295  0 10 119.3
2015 295  1 10 119.3
2015 295  2 10 119.3
2015 295  3  7 119.3
2015 295  4  7 119.3
2015 295  5  7 119.3
2015 295  6 17 119.3
2015 295  7 17 119.3
2015 295  8 17 119.3
2015 295  9  3 119.3
2015 295 10  3 119.3
2015 295 11  3 119.3
2015 295 12  7 119.3
2015 295 13  7 119.3
2015 295 14  7 119.3
2015 295 15 17 119.3
2015 295 16 17 119.3
2015 295 17 17 119.3
2015 295 18 20 119.3
2015 295 19 20 119.3
2015 295 20 20 119.3
2015 295 21 13 119.3
2015 295 22 13 119.3
2015 295 23 13 119.3
2015 296  0 23 113.7
2015 296  1 23 113.7
2015 296  2 23 113.7
2015 296  3  7 113.7
2015 296  4  7 113.7
2015 296  5  7 113.7
2015 296  6  7 113.7
2015 296  7  7 113.7
2015 296  8  7 113.7
2015 296  9 10 113.7
2015 296 10 10 113.7
2015 296 11 10 113.7
2015 296 12 17 113.7
2015 296 13 17 113.7
2015 296 14 17 113.7
2015 296 15 20 113.7
2015 296 16 20 113.7
2015 296 17 20 113.7
2015 296 18 13 113.7
2015 296 19 13 113.7
2015 296 20 13 113.7
2015 296 21 20 113.7
2015 296 22 20 113.7
2015 296 23 20 113.7
2015 297  0 23 105.2
2015 297  1 23 105.2
2015 297  2 23 105.2
2015 297  3 27 105.2
2015 297  4 27 105.2
2015 297  5 27 105.2
2015 297  6 23 105.2
2015 297  7 23 105.2
2015 297  8 23 105.2
2015 297  9  7 105.2
2015 297 10  7 105.2
2015 297 11  7 105.2
2015 297 12  7 105.2
2015 297 13  7 105.2
2015 297 14  7 105.2
2015 297 15  7 105.2
2015 297 16  7 105.2
2015 297 17  7 105.2
2015 297 18 37 105.2
2015 297 19 37 105.2
2015 297 20 37 105.2
2015 297 21 27 105.2
2015 297 22 27 105.2
2015 297 23 27 105.2
2015 298  0 20 105.2
2015 298  1 20 105.2
2015 298  2 20 105.2
2015 298  3 17 105.2
2015 298  4 17 105.2
2015 298  5 17 105.2
2015 298  6 23 105.2
2015 298  7 23 105.2
2015 298  8 23 105.2
2015 298  9 13 105.2
2015 298 10 13 105.2
2015 298 11 13 105.2
2015 298 12 27 105.2
2015 298 13 27 105.2
2015 298 14 27 105.2
2015 298 15 17 105.2
2015 298 16 17 105.2
2015 298 17 17 105.2
2015 298 18  7 105.2
2015 298 19  7 105.2
2015 298 20  7 105.2
2015 298 21  7 105.2
2015 298 22  7 105.2
2015 298 23  7 105.2
2015 299  0  3 104.9
2015 299  1  3 104.9
2015 299  2  3 104.9
2015 299  3  0 104.9
2015 299  4  0 104.9
2015 299  5  0 104.9
2015 299  6  7 104.9
2015 299  7  7 104.9
2015 299  8  7 104.9
2015 299  9  3 104.9
2015 299 10  3 104.9
2015 299 11  3 104.9
2015 299 12  3 104.9
2015 299 13  3 104.9
2015 299 14  3 104.9
2015 299 15  0 104.9
2015 299 16  0 104.9
2015 299 17  0 104.9
2015 299 18  3 104.9
2015 299 19  3 104.9
2015 299 20  3 104.9
2015 299 21  0 104.9
2015 299 22  0 104.9
2015 299 23  0 104.9
2015 300  0  0 108.7
2015 300  1  0 108.7
2015 300  2  0 108.7
2015 300  3  3 108.7
2015 300  4  3 108.7
2015 300  5  3 108.7
2015 300  6  3 108.7
2015 300  7  3 108.7
2015 300  8  3 108.7
2015 300  9  7 108.7
2015 300 10  7 108.7
2015 300 11  7 108.7
2015 300 12 13 108.7
2015 300 13 13 108.7
2015 300 14 13 108.7
2015 300 15  3 108.7
2015 300 16  3 108.7
2015 300 17  3 108.7
2015 300 18 10 108.7
2015 300 19 10 108.7
2015 300 20 10 108.7
2015 300 21 20 108.7
2015 300 22 20 108.7
2015 300 23 20 108.7
2015 301  0  0 110.7
2015 301  1  0 110.7
2015 301  2  0 110.7
2015 301  3 10 110.7
2015 301  4 10 110.7
2015 301  5 10 110.7
2015 301  6  0 110.7
2015 301  7  0 110.7
2015 301  8  0 110.7
2015 301  9  0 110.7
2015 301 10  0 110.7
2015 301 11  0 110.7
2015 301 12  0 110.7
2015 301 13  0 110.7
2015 301 14  0 110.7
2015 301 15  3 110.7
2015 301 16  3 110.7
2015 301 17  3 110.7
2015 301 18  0 110.7
2015 301 19  0 110.7
2015 301 20  0 110.7
2015 301 21  0 110.7
2015 301 22  0 110.7
2015 301 23  0 110.7
2015 302  0  3 111.4
2015 302  1  3 111.4
2015 302  2  3 111.4
2015 302  3  0 111.4
2015 302  4  0 111.4
2015 302  5  0 111.4
2015 302  6  7 111.4
2015 302  7  7 111.4
2015 302  8  7 111.4
2015 302  9 10 111.4
2015 302 10 10 111.4
2015 302 11 10 111.4
2015 302 12  7 111.4
2015 302 13  7 111.4
2015 302 14  7 111.4
2015 302 15  7 111.4
2015 302 16  7 111.4
2015 302 17  7 111.4
2015 302 18 13 111.4
2015 302 19 13 111.4
2015 302 20 13 111.4
2015 302 21 23 111.4
2015 302 22 23 111.4
2015 302 23 23 111.4
2015 303  0 23 119.5
2015 303  1 23 119.5
2015 303  2 23 119.5
2015 303  3  7 119.5
2015 303  4  7 119.5
2015 303  5  7 119.5
2015 303  6  3 119.5
2015 303  7  3 119.5
2015 303  8  3 119.5
2015 303  9 13 119.5
2015 303 10 13 119.5
2015 303 11 13 119.5
2015 303 12 27 119.5
2015 303 13 27 119.5
2015 303 14 27 119.5
2015 303 15 30 119.5
2015 303 16 30 119.5
2015 303 17 30 119.5
2015 303 18 17 119.5
2015 303 19 17 119.5
2015 303 20 17 119.5
2015 303 21 30 119.5
2015 303 22 30 119.5
2015 303 23 30 119.5
2015 304  0  3 116.7
2015 304  1  3 116.7
2015 304  2  3 116.7
2015 304  3  3 116.7
2015 304  4  3 116.7
2015 304  5  3 116.7
2015 304  6  7 116.7
2015 304  7  7 116.7
2015 304  8  7 116.7
2015 304  9 13 116.7
2015 304 10 13 116.7
2015 304 11 13 116.7
2015 304 12 20 116.7
2015 304 13 20 116.7
2015 304 14 20 116.7
2015 304 15 17 116.7
2015 304 16 17 116.7
2015 304 17 17 116.7
2015 304 18 20 116.7
2015 304 19 20 116.7
2015 304 20 20 116.7
2015 304 21 27 116.7
2015 304 22 27 116.7
2015 304 23 27 116.7
