Year DOY Hour f10_7
2024  60  0 161.1
2024  60  1 161.1
2024  60  2 161.1
2024  60  3 161.1
2024  60  4 161.1
2024  60  5 161.1
2024  60  6 161.1
2024  60  7 161.1
2024  60  8 161.1
2024  60  9 161.1
2024  60 10 161.1
2024  60 11 161.1
2024  60 12 161.1
2024  60 13 161.1
2024  60 14 161.1
2024  60 15 161.1
2024  60 16 161.1
2024  60 17 161.1
2024  60 18 161.1
2024  60 19 161.1
2024  60 20 161.1
2024  60 21 161.1
2024  60 22 161.1
2024  60 23 161.1
2024  61  0 150.1
2024  61  1 150.1
2024  61  2 150.1
2024  61  3 150.1
2024  61  4 150.1
2024  61  5 150.1
2024  61  6 150.1
2024  61  7 150.1
2024  61  8 150.1
2024  61  9 150.1
2024  61 10 150.1
2024  61 11 150.1
2024  61 12 150.1
2024  61 13 150.1
2024  61 14 150.1
2024  61 15 150.1
2024  61 16 150.1
2024  61 17 150.1
2024  61 18 150.1
2024  61 19 150.1
2024  61 20 150.1
2024  61 21 150.1
2024  61 22 150.1
2024  61 23 150.1
2024  62  0 149.7
2024  62  1 149.7
2024  62  2 149.7
2024  62  3 149.7
2024  62  4 149.7
2024  62  5 149.7
2024  62  6 149.7
2024  62  7 149.7
2024  62  8 149.7
2024  62  9 149.7
2024  62 10 149.7
2024  62 11 149.7
2024  62 12 149.7
2024  62 13 149.7
2024  62 14 149.7
2024  62 15 149.7
2024  62 16 149.7
2024  62 17 149.7
2024  62 18 149.7
2024  62 19 149.7
2024  62 20 149.7
2024  62 21 149.7
2024  62 22 149.7
2024  62 23 149.7
2024  63  0 143.1
2024  63  1 143.1
2024  63  2 143.1
2024  63  3 143.1
2024  63  4 143.1
2024  63  5 143.1
2024  63  6 143.1
2024  63  7 143.1
2024  63  8 143.1
2024  63  9 143.1
2024  63 10 143.1
2024  63 11 143.1
2024  63 12 143.1
2024  63 13 143.1
2024  63 14 143.1
2024  63 15 143.1
2024  63 16 143.1
2024  63 17 143.1
2024  63 18 143.1
2024  63 19 143.1
2024  63 20 143.1
2024  63 21 143.1
2024  63 22 143.1
2024  63 23 143.1
2024  64  0 137.6
2024  64  1 137.6
2024  64  2 137.6
2024  64  3 137.6
2024  64  4 137.6
2024  64  5 137.6
2024  64  6 137.6
2024  64  7 137.6
2024  64  8 137.6
2024  64  9 137.6
2024  64 10 137.6
2024  64 11 137.6
2024  64 12 137.6
2024  64 13 137.6
2024  64 14 137.6
2024  64 15 137.6
2024  64 16 137.6
2024  64 17 137.6
2024  64 18 137.6
2024  64 19 137.6
2024  64 20 137.6
2024  64 21 137.6
2024  64 22 137.6
2024  64 23 137.6
2024  65  0 139.2
2024  65  1 139.2
2024  65  2 139.2
2024  65  3 139.2
2024  65  4 139.2
2024  65  5 139.2
2024  65  6 139.2
2024  65  7 139.2
2024  65  8 139.2
2024  65  9 139.2
2024  65 10 139.2
2024  65 11 139.2
2024  65 12 139.2
2024  65 13 139.2
2024  65 14 139.2
2024  65 15 139.2
2024  65 16 139.2
2024  65 17 139.2
2024  65 18 139.2
2024  65 19 139.2
2024  65 20 139.2
2024  65 21 139.2
2024  65 22 139.2
2024  65 23 139.2
2024  66  0 133.9
2024  66  1 133.9
2024  66  2 133.9
2024  66  3 133.9
2024  66  4 133.9
2024  66  5 133.9
2024  66  6 133.9
2024  66  7 133.9
2024  66  8 133.9
2024  66  9 133.9
2024  66 10 133.9
2024  66 11 133.9
2024  66 12 133.9
2024  66 13 133.9
2024  66 14 133.9
2024  66 15 133.9
2024  66 16 133.9
2024  66 17 133.9
2024  66 18 133.9
2024  66 19 133.9
2024  66 20 133.9
2024  66 21 133.9
2024  66 22 133.9
2024  66 23 133.9
2024  67  0 134.5
2024  67  1 134.5
2024  67  2 134.5
2024  67  3 134.5
2024  67  4 134.5
2024  67  5 134.5
2024  67  6 134.5
2024  67  7 134.5
2024  67  8 134.5
2024  67  9 134.5
2024  67 10 134.5
2024  67 11 134.5
2024  67 12 134.5
2024  67 13 134.5
2024  67 14 134.5
2024  67 15 134.5
2024  67 16 134.5
2024  67 17 134.5
2024  67 18 134.5
2024  67 19 134.5
2024  67 20 134.5
2024  67 21 134.5
2024  67 22 134.5
2024  67 23 134.5
2024  68  0 127.2
2024  68  1 127.2
2024  68  2 127.2
2024  68  3 127.2
2024  68  4 127.2
2024  68  5 127.2
2024  68  6 127.2
2024  68  7 127.2
2024  68  8 127.2
2024  68  9 127.2
2024  68 10 127.2
2024  68 11 127.2
2024  68 12 127.2
2024  68 13 127.2
2024  68 14 127.2
2024  68 15 127.2
2024  68 16 127.2
2024  68 17 127.2
2024  68 18 127.2
2024  68 19 127.2
2024  68 20 127.2
2024  68 21 127.2
2024  68 22 127.2
2024  68 23 127.2
2024  69  0 132.6
2024  69  1 132.6
2024  69  2 132.6
2024  69  3 132.6
2024  69  4 132.6
2024  69  5 132.6
2024  69  6 132.6
2024  69  7 132.6
2024  69  8 132.6
2024  69  9 132.6
2024  69 10 132.6
2024  69 11 132.6
2024  69 12 132.6
2024  69 13 132.6
2024  69 14 132.6
2024  69 15 132.6
2024  69 16 132.6
2024  69 17 132.6
2024  69 18 132.6
2024  69 19 132.6
2024  69 20 132.6
2024  69 21 132.6
2024  69 22 132.6
2024  69 23 132.6
2024  70  0 125.3
2024  70  1 125.3
2024  70  2 125.3
2024  70  3 125.3
2024  70  4 125.3
2024  70  5 125.3
2024  70  6 125.3
2024  70  7 125.3
2024  70  8 125.3
2024  70  9 125.3
2024  70 10 125.3
2024  70 11 125.3
2024  70 12 125.3
2024  70 13 125.3
2024  70 14 125.3
2024  70 15 125.3
2024  70 16 125.3
2024  70 17 125.3
2024  70 18 125.3
2024  70 19 125.3
2024  70 20 125.3
2024  70 21 125.3
2024  70 22 125.3
2024  70 23 125.3
2024  71  0 125.1
2024  71  1 125.1
2024  71  2 125.1
2024  71  3 125.1
2024  71  4 125.1
2024  71  5 125.1
2024  71  6 125.1
2024  71  7 125.1
2024  71  8 125.1
2024  71  9 125.1
2024  71 10 125.1
2024  71 11 125.1
2024  71 12 125.1
2024  71 13 125.1
2024  71 14 125.1
2024  71 15 125.1
2024  71 16 125.1
2024  71 17 125.1
2024  71 18 125.1
2024  71 19 125.1
2024  71 20 125.1
2024  71 21 125.1
2024  71 22 125.1
2024  71 23 125.1
2024  72  0 128.9
2024  72  1 128.9
2024  72  2 128.9
2024  72  3 128.9
2024  72  4 128.9
2024  72  5 128.9
2024  72  6 128.9
2024  72  7 128.9
2024  72  8 128.9
2024  72  9 128.9
2024  72 10 128.9
2024  72 11 128.9
2024  72 12 128.9
2024  72 13 128.9
2024  72 14 128.9
2024  72 15 128.9
2024  72 16 128.9
2024  72 17 128.9
2024  72 18 128.9
2024  72 19 128.9
2024  72 20 128.9
2024  72 21 128.9
2024  72 22 128.9
2024  72 23 128.9
2024  73  0 126.8
2024  73  1 126.8
2024  73  2 126.8
2024  73  3 126.8
2024  73  4 126.8
2024  73  5 126.8
2024  73  6 126.8
2024  73  7 126.8
2024  73  8 126.8
2024  73  9 126.8
2024  73 10 126.8
2024  73 11 126.8
2024  73 12 126.8
2024  73 13 126.8
2024  73 14 126.8
2024  73 15 126.8
2024  73 16 126.8
2024  73 17 126.8
2024  73 18 126.8
2024  73 19 126.8
2024  73 20 126.8
2024  73 21 126.8
2024  73 22 126.8
2024  73 23 126.8
2024  74  0 125.7
2024  74  1 125.7
2024  74  2 125.7
2024  74  3 125.7
2024  74  4 125.7
2024  74  5 125.7
2024  74  6 125.7
2024  74  7 125.7
2024  74  8 125.7
2024  74  9 125.7
2024  74 10 125.7
2024  74 11 125.7
2024  74 12 125.7
2024  74 13 125.7
2024  74 14 125.7
2024  74 15 125.7
2024  74 16 125.7
2024  74 17 125.7
2024  74 18 125.7
2024  74 19 125.7
2024  74 20 125.7
2024  74 21 125.7
2024  74 22 125.7
2024  74 23 125.7
2024  75  0 127.7
2024  75  1 127.7
2024  75  2 127.7
2024  75  3 127.7
2024  75  4 127.7
2024  75  5 127.7
2024  75  6 127.7
2024  75  7 127.7
2024  75  8 127.7
2024  75  9 127.7
2024  75 10 127.7
2024  75 11 127.7
2024  75 12 127.7
2024  75 13 127.7
2024  75 14 127.7
2024  75 15 127.7
2024  75 16 127.7
2024  75 17 127.7
2024  75 18 127.7
2024  75 19 127.7
2024  75 20 127.7
2024  75 21 127.7
2024  75 22 127.7
2024  75 23 127.7
2024  76  0 142.6
2024  76  1 142.6
2024  76  2 142.6
2024  76  3 142.6
2024  76  4 142.6
2024  76  5 142.6
2024  76  6 142.6
2024  76  7 142.6
2024  76  8 142.6
2024  76  9 142.6
2024  76 10 142.6
2024  76 11 142.6
2024  76 12 142.6
2024  76 13 142.6
2024  76 14 142.6
2024  76 15 142.6
2024  76 16 142.6
2024  76 17 142.6
2024  76 18 142.6
2024  76 19 142.6
2024  76 20 142.6
2024  76 21 142.6
2024  76 22 142.6
2024  76 23 142.6
2024  77  0 149.8
2024  77  1 149.8
2024  77  2 149.8
2024  77  3 149.8
2024  77  4 149.8
2024  77  5 149.8
2024  77  6 149.8
2024  77  7 149.8
2024  77  8 149.8
2024  77  9 149.8
2024  77 10 149.8
2024  77 11 149.8
2024  77 12 149.8
2024  77 13 149.8
2024  77 14 149.8
2024  77 15 149.8
2024  77 16 149.8
2024  77 17 149.8
2024  77 18 149.8
2024  77 19 149.8
2024  77 20 149.8
2024  77 21 149.8
2024  77 22 149.8
2024  77 23 149.8
2024  78  0 175.8
2024  78  1 175.8
2024  78  2 175.8
2024  78  3 175.8
2024  78  4 175.8
2024  78  5 175.8
2024  78  6 175.8
2024  78  7 175.8
2024  78  8 175.8
2024  78  9 175.8
2024  78 10 175.8
2024  78 11 175.8
2024  78 12 175.8
2024  78 13 175.8
2024  78 14 175.8
2024  78 15 175.8
2024  78 16 175.8
2024  78 17 175.8
2024  78 18 175.8
2024  78 19 175.8
2024  78 20 175.8
2024  78 21 175.8
2024  78 22 175.8
2024  78 23 175.8
2024  79  0 167.5
2024  79  1 167.5
2024  79  2 167.5
2024  79  3 167.5
2024  79  4 167.5
2024  79  5 167.5
2024  79  6 167.5
2024  79  7 167.5
2024  79  8 167.5
2024  79  9 167.5
2024  79 10 167.5
2024  79 11 167.5
2024  79 12 167.5
2024  79 13 167.5
2024  79 14 167.5
2024  79 15 167.5
2024  79 16 167.5
2024  79 17 167.5
2024  79 18 167.5
2024  79 19 167.5
2024  79 20 167.5
2024  79 21 167.5
2024  79 22 167.5
2024  79 23 167.5
2024  80  0 174.1
2024  80  1 174.1
2024  80  2 174.1
2024  80  3 174.1
2024  80  4 174.1
2024  80  5 174.1
2024  80  6 174.1
2024  80  7 174.1
2024  80  8 174.1
2024  80  9 174.1
2024  80 10 174.1
2024  80 11 174.1
2024  80 12 174.1
2024  80 13 174.1
2024  80 14 174.1
2024  80 15 174.1
2024  80 16 174.1
2024  80 17 174.1
2024  80 18 174.1
2024  80 19 174.1
2024  80 20 174.1
2024  80 21 174.1
2024  80 22 174.1
2024  80 23 174.1
2024  81  0 195.5
2024  81  1 195.5
2024  81  2 195.5
2024  81  3 195.5
2024  81  4 195.5
2024  81  5 195.5
2024  81  6 195.5
2024  81  7 195.5
2024  81  8 195.5
2024  81  9 195.5
2024  81 10 195.5
2024  81 11 195.5
2024  81 12 195.5
2024  81 13 195.5
2024  81 14 195.5
2024  81 15 195.5
2024  81 16 195.5
2024  81 17 195.5
2024  81 18 195.5
2024  81 19 195.5
2024  81 20 195.5
2024  81 21 195.5
2024  81 22 195.5
2024  81 23 195.5
2024  82  0 196.2
2024  82  1 196.2
2024  82  2 196.2
2024  82  3 196.2
2024  82  4 196.2
2024  82  5 196.2
2024  82  6 196.2
2024  82  7 196.2
2024  82  8 196.2
2024  82  9 196.2
2024  82 10 196.2
2024  82 11 196.2
2024  82 12 196.2
2024  82 13 196.2
2024  82 14 196.2
2024  82 15 196.2
2024  82 16 196.2
2024  82 17 196.2
2024  82 18 196.2
2024  82 19 196.2
2024  82 20 196.2
2024  82 21 196.2
2024  82 22 196.2
2024  82 23 196.2
2024  83  0 209.3
2024  83  1 209.3
2024  83  2 209.3
2024  83  3 209.3
2024  83  4 209.3
2024  83  5 209.3
2024  83  6 209.3
2024  83  7 209.3
2024  83  8 209.3
2024  83  9 209.3
2024  83 10 209.3
2024  83 11 209.3
2024  83 12 209.3
2024  83 13 209.3
2024  83 14 209.3
2024  83 15 209.3
2024  83 16 209.3
2024  83 17 209.3
2024  83 18 209.3
2024  83 19 209.3
2024  83 20 209.3
2024  83 21 209.3
2024  83 22 209.3
2024  83 23 209.3
2024  84  0 194.0
2024  84  1 194.0
2024  84  2 194.0
2024  84  3 194.0
2024  84  4 194.0
2024  84  5 194.0
2024  84  6 194.0
2024  84  7 194.0
2024  84  8 194.0
2024  84  9 194.0
2024  84 10 194.0
2024  84 11 194.0
2024  84 12 194.0
2024  84 13 194.0
2024  84 14 194.0
2024  84 15 194.0
2024  84 16 194.0
2024  84 17 194.0
2024  84 18 194.0
2024  84 19 194.0
2024  84 20 194.0
2024  84 21 194.0
2024  84 22 194.0
2024  84 23 194.0
2024  85  0 189.1
2024  85  1 189.1
2024  85  2 189.1
2024  85  3 189.1
2024  85  4 189.1
2024  85  5 189.1
2024  85  6 189.1
2024  85  7 189.1
2024  85  8 189.1
2024  85  9 189.1
2024  85 10 189.1
2024  85 11 189.1
2024  85 12 189.1
2024  85 13 189.1
2024  85 14 189.1
2024  85 15 189.1
2024  85 16 189.1
2024  85 17 189.1
2024  85 18 189.1
2024  85 19 189.1
2024  85 20 189.1
2024  85 21 189.1
2024  85 22 189.1
2024  85 23 189.1
2024  86  0 177.4
2024  86  1 177.4
2024  86  2 177.4
2024  86  3 177.4
2024  86  4 177.4
2024  86  5 177.4
2024  86  6 177.4
2024  86  7 177.4
2024  86  8 177.4
2024  86  9 177.4
2024  86 10 177.4
2024  86 11 177.4
2024  86 12 177.4
2024  86 13 177.4
2024  86 14 177.4
2024  86 15 177.4
2024  86 16 177.4
2024  86 17 177.4
2024  86 18 177.4
2024  86 19 177.4
2024  86 20 177.4
2024  86 21 177.4
2024  86 22 177.4
2024  86 23 177.4
2024  87  0 173.9
2024  87  1 173.9
2024  87  2 173.9
2024  87  3 173.9
2024  87  4 173.9
2024  87  5 173.9
2024  87  6 173.9
2024  87  7 173.9
2024  87  8 173.9
2024  87  9 173.9
2024  87 10 173.9
2024  87 11 173.9
2024  87 12 173.9
2024  87 13 173.9
2024  87 14 173.9
2024  87 15 173.9
2024  87 16 173.9
2024  87 17 173.9
2024  87 18 173.9
2024  87 19 173.9
2024  87 20 173.9
2024  87 21 173.9
2024  87 22 173.9
2024  87 23 173.9
2024  88  0 172.1
2024  88  1 172.1
2024  88  2 172.1
2024  88  3 172.1
2024  88  4 172.1
2024  88  5 172.1
2024  88  6 172.1
2024  88  7 172.1
2024  88  8 172.1
2024  88  9 172.1
2024  88 10 172.1
2024  88 11 172.1
2024  88 12 172.1
2024  88 13 172.1
2024  88 14 172.1
2024  88 15 172.1
2024  88 16 172.1
2024  88 17 172.1
2024  88 18 172.1
2024  88 19 172.1
2024  88 20 172.1
2024  88 21 172.1
2024  88 22 172.1
2024  88 23 172.1
2024  89  0 166.8
2024  89  1 166.8
2024  89  2 166.8
2024  89  3 166.8
2024  89  4 166.8
2024  89  5 166.8
2024  89  6 166.8
2024  89  7 166.8
2024  89  8 166.8
2024  89  9 166.8
2024  89 10 166.8
2024  89 11 166.8
2024  89 12 166.8
2024  89 13 166.8
2024  89 14 166.8
2024  89 15 166.8
2024  89 16 166.8
2024  89 17 166.8
2024  89 18 166.8
2024  89 19 166.8
2024  89 20 166.8
2024  89 21 166.8
2024  89 22 166.8
2024  89 23 166.8
2024  90  0 139.3
2024  90  1 139.3
2024  90  2 139.3
2024  90  3 139.3
2024  90  4 139.3
2024  90  5 139.3
2024  90  6 139.3
2024  90  7 139.3
2024  90  8 139.3
2024  90  9 139.3
2024  90 10 139.3
2024  90 11 139.3
2024  90 12 139.3
2024  90 13 139.3
2024  90 14 139.3
2024  90 15 139.3
2024  90 16 139.3
2024  90 17 139.3
2024  90 18 139.3
2024  90 19 139.3
2024  90 20 139.3
2024  90 21 139.3
2024  90 22 139.3
2024  90 23 139.3
2024  91  0 133.4
2024  91  1 133.4
2024  91  2 133.4
2024  91  3 133.4
2024  91  4 133.4
2024  91  5 133.4
2024  91  6 133.4
2024  91  7 133.4
2024  91  8 133.4
2024  91  9 133.4
2024  91 10 133.4
2024  91 11 133.4
2024  91 12 133.4
2024  91 13 133.4
2024  91 14 133.4
2024  91 15 133.4
2024  91 16 133.4
2024  91 17 133.4
2024  91 18 133.4
2024  91 19 133.4
2024  91 20 133.4
2024  91 21 133.4
2024  91 22 133.4
2024  91 23 133.4
2024  92  0 120.3
2024  92  1 120.3
2024  92  2 120.3
2024  92  3 120.3
2024  92  4 120.3
2024  92  5 120.3
2024  92  6 120.3
2024  92  7 120.3
2024  92  8 120.3
2024  92  9 120.3
2024  92 10 120.3
2024  92 11 120.3
2024  92 12 120.3
2024  92 13 120.3
2024  92 14 120.3
2024  92 15 120.3
2024  92 16 120.3
2024  92 17 120.3
2024  92 18 120.3
2024  92 19 120.3
2024  92 20 120.3
2024  92 21 120.3
2024  92 22 120.3
2024  92 23 120.3
2024  93  0 112.7
2024  93  1 112.7
2024  93  2 112.7
2024  93  3 112.7
2024  93  4 112.7
2024  93  5 112.7
2024  93  6 112.7
2024  93  7 112.7
2024  93  8 112.7
2024  93  9 112.7
2024  93 10 112.7
2024  93 11 112.7
2024  93 12 112.7
2024  93 13 112.7
2024  93 14 112.7
2024  93 15 112.7
2024  93 16 112.7
2024  93 17 112.7
2024  93 18 112.7
2024  93 19 112.7
2024  93 20 112.7
2024  93 21 112.7
2024  93 22 112.7
2024  93 23 112.7
2024  94  0 111.7
2024  94  1 111.7
2024  94  2 111.7
2024  94  3 111.7
2024  94  4 111.7
2024  94  5 111.7
2024  94  6 111.7
2024  94  7 111.7
2024  94  8 111.7
2024  94  9 111.7
2024  94 10 111.7
2024  94 11 111.7
2024  94 12 111.7
2024  94 13 111.7
2024  94 14 111.7
2024  94 15 111.7
2024  94 16 111.7
2024  94 17 111.7
2024  94 18 111.7
2024  94 19 111.7
2024  94 20 111.7
2024  94 21 111.7
2024  94 22 111.7
2024  94 23 111.7
2024  95  0 113.8
2024  95  1 113.8
2024  95  2 113.8
2024  95  3 113.8
2024  95  4 113.8
2024  95  5 113.8
2024  95  6 113.8
2024  95  7 113.8
2024  95  8 113.8
2024  95  9 113.8
2024  95 10 113.8
2024  95 11 113.8
2024  95 12 113.8
2024  95 13 113.8
2024  95 14 113.8
2024  95 15 113.8
2024  95 16 113.8
2024  95 17 113.8
2024  95 18 113.8
2024  95 19 113.8
2024  95 20 113.8
2024  95 21 113.8
2024  95 22 113.8
2024  95 23 113.8
2024  96  0 120.6
2024  96  1 120.6
2024  96  2 120.6
2024  96  3 120.6
2024  96  4 120.6
2024  96  5 120.6
2024  96  6 120.6
2024  96  7 120.6
2024  96  8 120.6
2024  96  9 120.6
2024  96 10 120.6
2024  96 11 120.6
2024  96 12 120.6
2024  96 13 120.6
2024  96 14 120.6
2024  96 15 120.6
2024  96 16 120.6
2024  96 17 120.6
2024  96 18 120.6
2024  96 19 120.6
2024  96 20 120.6
2024  96 21 120.6
2024  96 22 120.6
2024  96 23 120.6
2024  97  0 123.1
2024  97  1 123.1
2024  97  2 123.1
2024  97  3 123.1
2024  97  4 123.1
2024  97  5 123.1
2024  97  6 123.1
2024  97  7 123.1
2024  97  8 123.1
2024  97  9 123.1
2024  97 10 123.1
2024  97 11 123.1
2024  97 12 123.1
2024  97 13 123.1
2024  97 14 123.1
2024  97 15 123.1
2024  97 16 123.1
2024  97 17 123.1
2024  97 18 123.1
2024  97 19 123.1
2024  97 20 123.1
2024  97 21 123.1
2024  97 22 123.1
2024  97 23 123.1
2024  98  0 124.9
2024  98  1 124.9
2024  98  2 124.9
2024  98  3 124.9
2024  98  4 124.9
2024  98  5 124.9
2024  98  6 124.9
2024  98  7 124.9
2024  98  8 124.9
2024  98  9 124.9
2024  98 10 124.9
2024  98 11 124.9
2024  98 12 124.9
2024  98 13 124.9
2024  98 14 124.9
2024  98 15 124.9
2024  98 16 124.9
2024  98 17 124.9
2024  98 18 124.9
2024  98 19 124.9
2024  98 20 124.9
2024  98 21 124.9
2024  98 22 124.9
2024  98 23 124.9
2024  99  0 125.2
2024  99  1 125.2
2024  99  2 125.2
2024  99  3 125.2
2024  99  4 125.2
2024  99  5 125.2
2024  99  6 125.2
2024  99  7 125.2
2024  99  8 125.2
2024  99  9 125.2
2024  99 10 125.2
2024  99 11 125.2
2024  99 12 125.2
2024  99 13 125.2
2024  99 14 125.2
2024  99 15 125.2
2024  99 16 125.2
2024  99 17 125.2
2024  99 18 125.2
2024  99 19 125.2
2024  99 20 125.2
2024  99 21 125.2
2024  99 22 125.2
2024  99 23 125.2
2024 100  0 124.8
2024 100  1 124.8
2024 100  2 124.8
2024 100  3 124.8
2024 100  4 124.8
2024 100  5 124.8
2024 100  6 124.8
2024 100  7 124.8
2024 100  8 124.8
2024 100  9 124.8
2024 100 10 124.8
2024 100 11 124.8
2024 100 12 124.8
2024 100 13 124.8
2024 100 14 124.8
2024 100 15 124.8
2024 100 16 124.8
2024 100 17 124.8
2024 100 18 124.8
2024 100 19 124.8
2024 100 20 124.8
2024 100 21 124.8
2024 100 22 124.8
2024 100 23 124.8
2024 101  0 131.8
2024 101  1 131.8
2024 101  2 131.8
2024 101  3 131.8
2024 101  4 131.8
2024 101  5 131.8
2024 101  6 131.8
2024 101  7 131.8
2024 101  8 131.8
2024 101  9 131.8
2024 101 10 131.8
2024 101 11 131.8
2024 101 12 131.8
2024 101 13 131.8
2024 101 14 131.8
2024 101 15 131.8
2024 101 16 131.8
2024 101 17 131.8
2024 101 18 131.8
2024 101 19 131.8
2024 101 20 131.8
2024 101 21 131.8
2024 101 22 131.8
2024 101 23 131.8
2024 102  0 144.4
2024 102  1 144.4
2024 102  2 144.4
2024 102  3 144.4
2024 102  4 144.4
2024 102  5 144.4
2024 102  6 144.4
2024 102  7 144.4
2024 102  8 144.4
2024 102  9 144.4
2024 102 10 144.4
2024 102 11 144.4
2024 102 12 144.4
2024 102 13 144.4
2024 102 14 144.4
2024 102 15 144.4
2024 102 16 144.4
2024 102 17 144.4
2024 102 18 144.4
2024 102 19 144.4
2024 102 20 144.4
2024 102 21 144.4
2024 102 22 144.4
2024 102 23 144.4
